time,gFx,gFy,gFz,TgF
0.002000,0.0934,0.9977,0.0768,1.005
0.003000,0.1215,0.9911,0.0810,1.002
0.003000,0.1388,0.9982,0.0803,1.011
0.010000,0.1288,0.9880,0.0891,1.000
0.012000,0.1254,0.9975,0.1208,1.013
0.017000,0.1156,0.9909,0.0842,1.001
0.028000,0.1102,0.9914,0.0825,1.001
0.029000,0.1127,0.9931,0.0678,1.002
0.032000,0.1114,0.9941,0.0558,1.002
0.037000,0.1202,0.9931,0.0622,1.002
0.041000,0.1383,0.9890,0.0761,1.001
0.047000,0.1539,0.9899,0.0910,1.006
0.051000,0.1605,0.9860,0.0920,1.003
0.063000,0.1522,0.9897,0.0939,1.006
0.064000,0.1302,0.9926,0.0839,1.005
0.066000,0.1283,0.9933,0.0798,1.005
0.071000,0.1246,0.9951,0.0737,1.006
0.077000,0.1232,0.9941,0.0739,1.004
0.080000,0.1254,0.9919,0.0722,1.002
0.085000,0.1258,0.9914,0.0786,1.002
0.101000,0.1254,0.9943,0.0832,1.006
0.101000,0.1339,0.9902,0.0869,1.003
0.101000,0.1376,0.9933,0.0886,1.007
0.114000,0.1454,0.9916,0.0976,1.007
0.115000,0.1171,0.9943,0.0883,1.005
0.115000,0.1171,0.9924,0.0839,1.003
0.120000,0.1185,0.9924,0.0842,1.003
0.127000,0.1185,0.9929,0.0764,1.003
0.129000,0.1280,0.9963,0.0746,1.007
0.135000,0.1324,0.9919,0.0800,1.004
0.140000,0.1334,0.9943,0.0834,1.007
0.144000,0.1344,0.9924,0.0878,1.005
0.149000,0.1339,0.9931,0.0881,1.006
0.155000,0.1307,0.9924,0.0895,1.005
0.160000,0.1285,0.9931,0.0861,1.005
0.164000,0.1285,0.9936,0.0839,1.005
0.169000,0.1254,0.9929,0.0851,1.004
0.181000,0.1256,0.9931,0.0825,1.004
0.182000,0.1180,0.9933,0.0844,1.004
0.184000,0.1173,0.9933,0.0886,1.004
0.189000,0.1193,0.9924,0.0895,1.004
0.238000,0.1215,0.9924,0.0908,1.004
0.239000,0.1256,0.9926,0.0869,1.004
0.239000,0.1288,0.9948,0.0832,1.007
0.239000,0.1317,0.9911,0.0793,1.003
0.240000,0.1278,0.9933,0.0786,1.005
0.240000,0.1278,0.9943,0.0751,1.005
0.240000,0.1307,0.9929,0.0751,1.004
0.240000,0.1332,0.9929,0.0759,1.005
0.241000,0.1290,0.9929,0.0805,1.004
0.241000,0.1222,0.9933,0.0859,1.005
0.242000,0.1212,0.9943,0.0859,1.005
0.247000,0.1217,0.9941,0.0842,1.005
0.252000,0.1290,0.9941,0.0856,1.006
0.257000,0.1298,0.9919,0.0895,1.004
0.262000,0.1329,0.9943,0.0888,1.007
0.267000,0.1339,0.9926,0.0932,1.006
0.281000,0.1381,0.9914,0.0947,1.005
0.282000,0.1351,0.9921,0.0878,1.005
0.282000,0.1415,0.9916,0.0881,1.006
0.286000,0.1534,0.9877,0.0800,1.003
0.291000,0.1427,0.9865,0.0793,1.000
0.296000,0.1041,0.9948,0.0722,1.003
0.301000,0.0924,0.9977,0.0703,1.004
0.323000,0.1307,0.9909,0.0685,1.002
0.323000,0.1122,0.9929,0.0800,1.002
0.324000,0.1156,0.9958,0.0732,1.005
0.324000,0.1166,0.9936,0.0749,1.003
0.325000,0.1425,0.9977,0.0886,1.012
0.331000,0.1713,0.9902,0.0893,1.009
0.336000,0.1739,0.9863,0.1035,1.007
0.340000,0.1554,0.9865,0.0983,1.004
0.345000,0.1019,0.9921,0.0844,1.001
0.350000,0.0724,1.0004,0.0663,1.005
0.355000,0.1063,0.9970,0.0602,1.004
0.364000,0.1361,0.9890,0.0637,1.000
0.365000,0.1202,0.9902,0.0734,1.000
0.370000,0.1305,0.9960,0.0810,1.008
0.427000,0.1473,0.9914,0.0861,1.006
0.428000,0.1332,0.9860,0.0964,1.000
0.428000,0.1263,0.9977,0.0959,1.010
0.429000,0.1363,0.9973,0.0947,1.011
0.429000,0.1573,0.9899,0.0908,1.006
0.429000,0.1398,0.9880,0.0905,1.002
0.430000,0.1124,0.9924,0.0771,1.002
0.430000,0.1124,0.9948,0.0705,1.004
0.430000,0.1229,0.9936,0.0717,1.004
0.431000,0.1305,0.9897,0.0661,1.000
0.431000,0.1254,0.9921,0.0695,1.002
0.431000,0.1241,0.9938,0.0715,1.004
0.433000,0.1334,0.9926,0.0685,1.004
0.438000,0.1456,0.9916,0.0715,1.005
0.443000,0.1515,0.9916,0.0759,1.006
0.448000,0.1522,0.9904,0.0810,1.005
0.453000,0.1456,0.9894,0.0844,1.004
0.464000,0.1381,0.9931,0.0871,1.006
0.464000,0.1351,0.9929,0.0854,1.006
0.467000,0.1254,0.9911,0.0859,1.003
0.473000,0.1217,0.9931,0.0844,1.004
0.477000,0.1241,0.9941,0.0871,1.006
0.482000,0.1246,0.9919,0.0851,1.003
0.487000,0.1239,0.9936,0.0827,1.005
0.507000,0.1224,0.9938,0.0825,1.005
0.508000,0.1222,0.9926,0.0815,1.003
0.508000,0.1232,0.9904,0.0781,1.001
0.508000,0.1217,0.9933,0.0759,1.004
0.511000,0.1246,0.9929,0.0764,1.004
0.517000,0.1271,0.9936,0.0761,1.005
0.521000,0.1263,0.9916,0.0781,1.003
0.526000,0.1302,0.9931,0.0805,1.005
0.531000,0.1317,0.9919,0.0847,1.004
0.536000,0.1329,0.9904,0.0856,1.003
0.541000,0.1298,0.9909,0.0900,1.003
0.547000,0.1266,0.9916,0.0864,1.003
0.551000,0.1278,0.9911,0.0878,1.003
0.556000,0.1283,0.9919,0.0886,1.004
0.561000,0.1273,0.9921,0.0883,1.004
0.566000,0.1232,0.9929,0.0869,1.004
0.570000,0.1236,0.9926,0.0859,1.004
0.584000,0.1254,0.9909,0.0849,1.002
0.586000,0.1244,0.9902,0.0859,1.002
0.586000,0.1268,0.9943,0.0825,1.006
0.591000,0.1305,0.9911,0.0790,1.003
0.628000,0.1312,0.9911,0.0771,1.003
0.629000,0.1295,0.9924,0.0759,1.004
0.629000,0.1271,0.9916,0.0724,1.002
0.629000,0.1293,0.9914,0.0786,1.003
0.630000,0.1263,0.9924,0.0786,1.003
0.630000,0.1268,0.9916,0.0817,1.003
0.630000,0.1266,0.9943,0.0825,1.006
0.631000,0.1276,0.9921,0.0844,1.004
0.634000,0.1305,0.9926,0.0856,1.005
0.641000,0.1312,0.9914,0.0825,1.003
0.647000,0.1310,0.9931,0.0829,1.005
0.648000,0.1332,0.9914,0.0788,1.003
0.653000,0.1327,0.9919,0.0790,1.004
0.658000,0.1266,0.9946,0.0847,1.006
0.663000,0.1271,0.9924,0.0808,1.004
0.668000,0.1332,0.9916,0.0829,1.004
0.684000,0.1332,0.9933,0.0805,1.005
0.685000,0.1368,0.9907,0.0825,1.003
0.686000,0.1378,0.9919,0.0847,1.005
0.688000,0.1341,0.9919,0.0876,1.005
0.693000,0.1307,0.9953,0.0903,1.008
0.697000,0.1278,0.9929,0.0856,1.005
0.702000,0.1312,0.9921,0.0849,1.004
0.732000,0.1337,0.9929,0.0815,1.005
0.732000,0.1317,0.9933,0.0844,1.006
0.733000,0.1332,0.9933,0.0829,1.006
0.733000,0.1337,0.9936,0.0834,1.006
0.733000,0.1310,0.9933,0.0873,1.006
0.733000,0.1305,0.9929,0.0854,1.005
0.736000,0.1261,0.9946,0.0808,1.006
0.745000,0.1268,0.9909,0.0778,1.002
0.748000,0.1263,0.9916,0.0783,1.003
0.751000,0.1268,0.9914,0.0788,1.003
0.758000,0.1229,0.9933,0.0839,1.004
0.761000,0.1241,0.9904,0.0861,1.002
0.766000,0.1227,0.9924,0.0886,1.004
0.771000,0.1215,0.9916,0.0886,1.003
0.781000,0.1261,0.9897,0.0864,1.001
0.782000,0.1256,0.9968,0.0825,1.008
0.789000,0.1227,0.9943,0.0803,1.005
0.793000,0.1246,0.9941,0.0790,1.005
0.828000,0.1236,0.9946,0.0790,1.005
0.829000,0.1280,0.9916,0.0844,1.003
0.829000,0.1261,0.9924,0.0856,1.004
0.829000,0.1307,0.9929,0.0881,1.005
0.830000,0.1278,0.9924,0.0898,1.005
0.830000,0.1280,0.9914,0.0881,1.004
0.830000,0.1288,0.9909,0.0881,1.003
0.830000,0.1224,0.9921,0.0878,1.004
0.834000,0.1161,0.9929,0.0861,1.003
0.840000,0.1149,0.9943,0.0842,1.004
0.845000,0.1234,0.9921,0.0839,1.003
0.849000,0.1271,0.9911,0.0805,1.002
0.854000,0.1222,0.9914,0.0815,1.002
0.859000,0.1163,0.9931,0.0805,1.003
0.864000,0.1149,0.9941,0.0800,1.004
0.869000,0.1158,0.9914,0.0781,1.001
0.878000,0.1183,0.9919,0.0786,1.002
0.879000,0.1227,0.9924,0.0822,1.003
0.885000,0.1224,0.9936,0.0851,1.005
0.889000,0.1271,0.9894,0.0861,1.001
0.915000,0.1273,0.9902,0.0910,1.002
0.917000,0.1236,0.9953,0.0912,1.007
0.917000,0.1251,0.9919,0.0925,1.004
0.917000,0.1258,0.9914,0.0920,1.004
0.918000,0.1207,0.9931,0.0930,1.005
0.918000,0.1193,0.9926,0.0873,1.004
0.929000,0.1178,0.9936,0.0832,1.004
0.929000,0.1207,0.9924,0.0837,1.003
0.934000,0.1236,0.9938,0.0798,1.005
0.938000,0.1256,0.9933,0.0793,1.004
0.942000,0.1290,0.9921,0.0827,1.004
0.947000,0.1254,0.9933,0.0844,1.005
0.952000,0.1168,0.9924,0.0864,1.003
0.957000,0.1183,0.9953,0.0822,1.006
0.963000,0.1229,0.9943,0.0849,1.005
0.967000,0.1283,0.9916,0.0812,1.003
0.972000,0.1278,0.9929,0.0832,1.005
0.979000,0.1229,0.9933,0.0847,1.004
0.981000,0.1085,0.9926,0.0847,1.002
0.987000,0.1215,0.9897,0.0878,1.001
1.020000,0.1622,0.9970,0.0900,1.014
1.022000,0.1446,0.9904,0.0969,1.006
1.022000,0.1415,0.9938,0.0817,1.007
1.023000,0.1464,0.9902,0.0881,1.005
1.023000,0.1583,0.9924,0.0939,1.009
1.023000,0.1625,0.9892,0.0983,1.007
1.024000,0.1405,0.9924,0.0839,1.006
1.027000,0.1158,0.9914,0.0878,1.002
1.031000,0.1234,0.9931,0.0842,1.004
1.035000,0.1258,0.9926,0.0764,1.003
1.041000,0.1212,0.9902,0.0734,1.000
1.045000,0.1224,0.9924,0.0712,1.002
1.050000,0.1346,0.9938,0.0703,1.005
1.055000,0.1588,0.9899,0.0808,1.006
1.061000,0.1569,0.9980,0.0781,1.013
1.065000,0.1537,0.9887,0.0876,1.004
1.070000,0.1488,0.9919,0.0856,1.007
1.080000,0.1425,0.9911,0.0829,1.005
1.081000,0.1393,0.9933,0.0851,1.007
1.086000,0.1390,0.9933,0.0825,1.006
1.089000,0.1332,0.9929,0.0798,1.005
1.138000,0.1315,0.9929,0.0839,1.005
1.139000,0.1371,0.9929,0.0866,1.006
1.140000,0.1381,0.9921,0.0861,1.005
1.140000,0.1354,0.9941,0.0893,1.007
1.140000,0.1290,0.9921,0.0873,1.004
1.141000,0.1280,0.9931,0.0812,1.005
1.141000,0.1280,0.9931,0.0812,1.005
1.141000,0.1280,0.9931,0.0812,1.005
1.142000,0.1280,0.9931,0.0812,1.005
1.142000,0.1280,0.9931,0.0812,1.005
1.146000,0.1319,0.9921,0.0788,1.004
1.151000,0.1307,0.9907,0.0844,1.003
1.156000,0.1302,0.9946,0.0900,1.007
1.160000,0.1307,0.9946,0.0898,1.007
1.165000,0.1300,0.9938,0.0878,1.006
1.170000,0.1273,0.9924,0.0842,1.004
1.184000,0.1244,0.9936,0.0834,1.005
1.185000,0.1190,0.9938,0.0822,1.004
1.185000,0.1136,0.9931,0.0815,1.003
1.190000,0.1102,0.9916,0.0781,1.001
1.218000,0.1114,0.9936,0.0766,1.003
1.219000,0.1129,0.9946,0.0768,1.004
1.219000,0.1053,0.9933,0.0798,1.002
1.219000,0.1127,0.9960,0.0768,1.005
1.220000,0.1197,0.9897,0.0710,0.999
1.220000,0.1280,0.9953,0.0744,1.006
1.224000,0.1368,0.9938,0.0793,1.006
1.229000,0.1417,0.9892,0.0859,1.003
1.234000,0.1371,0.9933,0.0932,1.007
1.239000,0.1300,0.9929,0.0893,1.005
1.243000,0.1268,0.9933,0.0827,1.005
1.249000,0.1271,0.9916,0.0812,1.003
1.253000,0.1244,0.9921,0.0783,1.003
1.262000,0.1293,0.9926,0.0808,1.004
1.263000,0.1329,0.9943,0.0756,1.006
1.268000,0.1334,0.9914,0.0717,1.003
1.273000,0.1349,0.9953,0.0729,1.007
1.295000,0.1322,0.9948,0.0749,1.006
1.295000,0.1341,0.9948,0.0766,1.007
1.296000,0.1256,0.9946,0.0803,1.006
1.296000,0.1227,0.9929,0.0781,1.003
1.300000,0.1246,0.9936,0.0800,1.005
1.302000,0.1261,0.9948,0.0832,1.006
1.307000,0.1298,0.9931,0.0866,1.005
1.312000,0.1256,0.9931,0.0864,1.005
1.317000,0.1246,0.9933,0.0856,1.005
1.322000,0.1273,0.9919,0.0805,1.003
1.327000,0.1283,0.9916,0.0825,1.003
1.332000,0.1302,0.9921,0.0832,1.004
1.337000,0.1305,0.9921,0.0869,1.004
1.342000,0.1305,0.9936,0.0883,1.006
1.347000,0.1276,0.9931,0.0837,1.005
1.352000,0.1300,0.9941,0.0768,1.005
1.358000,0.1368,0.9946,0.0690,1.006
1.361000,0.1346,0.9907,0.0712,1.002
1.366000,0.1312,0.9924,0.0710,1.004
1.371000,0.1278,0.9941,0.0746,1.005
1.378000,0.1263,0.9933,0.0778,1.004
1.381000,0.1305,0.9941,0.0822,1.006
1.385000,0.1300,0.9936,0.0837,1.006
1.415000,0.1312,0.9929,0.0832,1.005
1.415000,0.1290,0.9919,0.0878,1.004
1.416000,0.1273,0.9946,0.0825,1.006
1.416000,0.1285,0.9948,0.0837,1.007
1.416000,0.1317,0.9909,0.0854,1.003
1.417000,0.1334,0.9924,0.0822,1.005
1.420000,0.1334,0.9921,0.0805,1.004
1.426000,0.1332,0.9924,0.0783,1.004
1.431000,0.1356,0.9936,0.0761,1.006
1.435000,0.1383,0.9919,0.0781,1.005
1.440000,0.1356,0.9924,0.0783,1.005
1.445000,0.1295,0.9933,0.0810,1.005
1.450000,0.1234,0.9953,0.0849,1.007
1.454000,0.1215,0.9953,0.0837,1.006
1.462000,0.1202,0.9946,0.0817,1.005
1.464000,0.1207,0.9926,0.0805,1.003
1.469000,0.1229,0.9948,0.0783,1.005
1.475000,0.1224,0.9970,0.0734,1.007
1.511000,0.1229,0.9931,0.0759,1.004
1.511000,0.1283,0.9936,0.0744,1.005
1.511000,0.1310,0.9933,0.0783,1.005
1.512000,0.1339,0.9938,0.0815,1.006
1.512000,0.1315,0.9921,0.0849,1.004
1.512000,0.1298,0.9907,0.0861,1.003
1.512000,0.1283,0.9936,0.0878,1.006
1.513000,0.1319,0.9924,0.0869,1.005
1.519000,0.1344,0.9899,0.0869,1.003
1.523000,0.1307,0.9955,0.0895,1.008
1.528000,0.1256,0.9938,0.0844,1.005
1.533000,0.1258,0.9933,0.0795,1.004
1.538000,0.1266,0.9955,0.0754,1.006
1.543000,0.1302,0.9941,0.0756,1.005
1.548000,0.1317,0.9914,0.0720,1.003
1.553000,0.1327,0.9948,0.0776,1.007
1.559000,0.1324,0.9951,0.0825,1.007
1.563000,0.1312,0.9926,0.0864,1.005
1.568000,0.1266,0.9936,0.0844,1.005
1.572000,0.1236,0.9929,0.0859,1.004
1.579000,0.1263,0.9943,0.0844,1.006
1.582000,0.1280,0.9951,0.0820,1.007
1.587000,0.1256,0.9931,0.0825,1.004
1.615000,0.1200,0.9941,0.0822,1.005
1.615000,0.1217,0.9941,0.0844,1.005
1.616000,0.1295,0.9951,0.0825,1.007
1.616000,0.1319,0.9948,0.0822,1.007
1.616000,0.1234,0.9926,0.0783,1.003
1.616000,0.1263,0.9946,0.0798,1.006
1.622000,0.1334,0.9914,0.0790,1.003
1.627000,0.1293,0.9938,0.0839,1.006
1.631000,0.1273,0.9941,0.0844,1.006
1.636000,0.1241,0.9919,0.0873,1.003
1.642000,0.1234,0.9948,0.0851,1.006
1.646000,0.1207,0.9926,0.0849,1.004
1.651000,0.1234,0.9941,0.0834,1.005
1.656000,0.1280,0.9926,0.0810,1.004
1.661000,0.1300,0.9926,0.0810,1.004
1.666000,0.1254,0.9933,0.0808,1.004
1.671000,0.1232,0.9933,0.0820,1.004
1.681000,0.1276,0.9931,0.0844,1.005
1.682000,0.1285,0.9933,0.0827,1.005
1.686000,0.1241,0.9953,0.0734,1.006
1.690000,0.1273,0.9943,0.0812,1.006
1.719000,0.1283,0.9924,0.0891,1.005
1.720000,0.1278,0.9921,0.0871,1.004
1.720000,0.1302,0.9924,0.0883,1.005
1.721000,0.1319,0.9931,0.0900,1.006
1.721000,0.1295,0.9931,0.0886,1.005
1.721000,0.1273,0.9953,0.0822,1.007
1.724000,0.1319,0.9951,0.0798,1.007
1.730000,0.1517,0.9914,0.0822,1.006
1.736000,0.1415,0.9933,0.0827,1.007
1.740000,0.1312,0.9931,0.0790,1.005
1.745000,0.1310,0.9929,0.0793,1.005
1.750000,0.1285,0.9936,0.0798,1.005
1.754000,0.1307,0.9926,0.0815,1.004
1.763000,0.1341,0.9926,0.0820,1.005
1.764000,0.1310,0.9943,0.0876,1.007
1.769000,0.1305,0.9946,0.0878,1.007
1.773000,0.1339,0.9948,0.0827,1.007
1.804000,0.1344,0.9941,0.0820,1.006
1.805000,0.1268,0.9941,0.0832,1.006
1.805000,0.1280,0.9921,0.0873,1.004
1.805000,0.1227,0.9929,0.0903,1.004
1.805000,0.1246,0.9921,0.0871,1.004
1.806000,0.1263,0.9916,0.0815,1.003
1.808000,0.1315,0.9916,0.0803,1.004
1.812000,0.1327,0.9909,0.0786,1.003
1.818000,0.1288,0.9941,0.0810,1.006
1.823000,0.1319,0.9955,0.0773,1.007
1.828000,0.1319,0.9911,0.0776,1.003
1.833000,0.1258,0.9899,0.0783,1.001
1.837000,0.1207,0.9951,0.0795,1.006
1.842000,0.1239,0.9931,0.0793,1.004
1.847000,0.1258,0.9919,0.0788,1.003
1.852000,0.1227,0.9931,0.0827,1.004
1.857000,0.1217,0.9916,0.0832,1.003
1.862000,0.1197,0.9936,0.0827,1.004
1.867000,0.1188,0.9951,0.0810,1.005
1.872000,0.1205,0.9933,0.0754,1.003
1.880000,0.1229,0.9914,0.0710,1.002
1.883000,0.1207,0.9943,0.0739,1.004
1.886000,0.1239,0.9931,0.0781,1.004
1.914000,0.1273,0.9951,0.0820,1.007
1.915000,0.1276,0.9931,0.0883,1.005
1.915000,0.1293,0.9926,0.0893,1.005
1.915000,0.1295,0.9948,0.0869,1.007
1.916000,0.1293,0.9938,0.0834,1.006
1.916000,0.1312,0.9938,0.0808,1.006
1.921000,0.1329,0.9951,0.0808,1.007
1.929000,0.1376,0.9941,0.0837,1.007
1.932000,0.1376,0.9933,0.0854,1.006
1.936000,0.1346,0.9914,0.0842,1.004
1.940000,0.1378,0.9936,0.0856,1.007
1.947000,0.1378,0.9933,0.0847,1.006
1.950000,0.1410,0.9931,0.0805,1.006
1.955000,0.1488,0.9919,0.0759,1.006
1.963000,0.1510,0.9907,0.0778,1.005
1.965000,0.1444,0.9938,0.0754,1.007
1.969000,0.1412,0.9911,0.0720,1.004
1.975000,0.1393,0.9924,0.0710,1.005
1.992000,0.1429,0.9931,0.0722,1.006
1.993000,0.1464,0.9921,0.0739,1.006
1.993000,0.1400,0.9933,0.0732,1.006
1.994000,0.1334,0.9948,0.0761,1.007
1.999000,0.1371,0.9941,0.0761,1.006
2.004000,0.1422,0.9924,0.0742,1.005
2.009000,0.1439,0.9933,0.0795,1.007
2.014000,0.1451,0.9955,0.0854,1.010
2.019000,0.1434,0.9911,0.0949,1.006
2.024000,0.1383,0.9943,0.0996,1.009
2.029000,0.1366,0.9946,0.0888,1.008
2.034000,0.1383,0.9948,0.0847,1.008
2.039000,0.1390,0.9936,0.0827,1.007
2.043000,0.1383,0.9924,0.0808,1.005
2.048000,0.1368,0.9941,0.0827,1.007
2.054000,0.1378,0.9926,0.0790,1.005
2.058000,0.1417,0.9936,0.0717,1.006
2.064000,0.1385,0.9924,0.0705,1.004
2.068000,0.1395,0.9943,0.0705,1.007
2.074000,0.1341,0.9943,0.0749,1.006
2.085000,0.1268,0.9924,0.0832,1.004
2.086000,0.1229,0.9953,0.0859,1.007
2.088000,0.1207,0.9926,0.0891,1.004
2.093000,0.1183,0.9909,0.0790,1.001
2.097000,0.1193,0.9902,0.0773,1.000
2.103000,0.1202,0.9916,0.0759,1.002
2.107000,0.1166,0.9938,0.0827,1.004
2.131000,0.1161,0.9951,0.0881,1.006
2.132000,0.1212,0.9946,0.0883,1.006
2.132000,0.1244,0.9924,0.0866,1.004
2.133000,0.1195,0.9960,0.0815,1.006
2.133000,0.1110,0.9963,0.0756,1.005
2.136000,0.1000,0.9953,0.0734,1.003
2.141000,0.1051,0.9948,0.0695,1.003
2.150000,0.1102,0.9943,0.0693,1.003
2.151000,0.1156,0.9948,0.0732,1.004
2.156000,0.1156,0.9948,0.0759,1.004
2.165000,0.1136,0.9926,0.0822,1.002
2.167000,0.1110,0.9926,0.0900,1.003
2.170000,0.1146,0.9911,0.0981,1.003
2.201000,0.1153,0.9931,0.0969,1.004
2.202000,0.1180,0.9933,0.0910,1.004
2.202000,0.1276,0.9926,0.0851,1.004
2.203000,0.1376,0.9933,0.0825,1.006
2.203000,0.1317,0.9911,0.0781,1.003
2.203000,0.1232,0.9929,0.0712,1.003
2.206000,0.1210,0.9946,0.0727,1.005
2.211000,0.1205,0.9946,0.0729,1.004
2.216000,0.1229,0.9933,0.0766,1.004
2.220000,0.1271,0.9924,0.0812,1.004
2.225000,0.1300,0.9938,0.0832,1.006
2.230000,0.1293,0.9929,0.0829,1.005
2.235000,0.1298,0.9909,0.0786,1.002
2.240000,0.1254,0.9926,0.0764,1.003
2.245000,0.1256,0.9919,0.0773,1.003
2.249000,0.1285,0.9948,0.0746,1.006
2.254000,0.1290,0.9921,0.0756,1.003
2.259000,0.1341,0.9933,0.0744,1.005
2.264000,0.1337,0.9929,0.0754,1.005
2.269000,0.1334,0.9943,0.0764,1.006
2.274000,0.1324,0.9933,0.0800,1.005
2.282000,0.1324,0.9924,0.0793,1.004
2.284000,0.1312,0.9929,0.0815,1.005
2.289000,0.1278,0.9941,0.0815,1.006
2.324000,0.1263,0.9953,0.0837,1.007
2.325000,0.1227,0.9929,0.0851,1.004
2.325000,0.1205,0.9960,0.0844,1.007
2.326000,0.1219,0.9958,0.0832,1.007
2.326000,0.1234,0.9951,0.0820,1.006
2.326000,0.1244,0.9933,0.0803,1.004
2.327000,0.1256,0.9914,0.0790,1.002
2.329000,0.1261,0.9919,0.0795,1.003
2.333000,0.1288,0.9948,0.0832,1.007
2.338000,0.1329,0.9948,0.0822,1.007
2.343000,0.1361,0.9941,0.0825,1.007
2.349000,0.1341,0.9924,0.0798,1.005
2.352000,0.1312,0.9921,0.0800,1.004
2.358000,0.1285,0.9938,0.0839,1.006
2.363000,0.1261,0.9936,0.0856,1.005
2.367000,0.1249,0.9924,0.0861,1.004
2.372000,0.1266,0.9951,0.0839,1.007
2.381000,0.1288,0.9921,0.0825,1.004
2.381000,0.1305,0.9931,0.0803,1.005
2.386000,0.1295,0.9926,0.0778,1.004
2.392000,0.1319,0.9946,0.0759,1.006
2.416000,0.1332,0.9931,0.0751,1.005
2.417000,0.1368,0.9902,0.0790,1.003
2.417000,0.1361,0.9929,0.0815,1.005
2.418000,0.1327,0.9924,0.0778,1.004
2.418000,0.1339,0.9941,0.0847,1.007
2.421000,0.1337,0.9936,0.0844,1.006
2.426000,0.1346,0.9933,0.0837,1.006
2.431000,0.1373,0.9919,0.0825,1.005
2.436000,0.1373,0.9921,0.0778,1.005
2.441000,0.1361,0.9929,0.0776,1.005
2.445000,0.1403,0.9946,0.0734,1.007
2.451000,0.1422,0.9951,0.0749,1.008
2.456000,0.1415,0.9936,0.0766,1.007
2.460000,0.1405,0.9916,0.0786,1.005
2.465000,0.1388,0.9929,0.0800,1.006
2.470000,0.1371,0.9943,0.0834,1.007
2.475000,0.1334,0.9943,0.0820,1.007
2.480000,0.1305,0.9931,0.0817,1.005
2.485000,0.1302,0.9938,0.0810,1.006
2.490000,0.1302,0.9921,0.0800,1.004
2.500000,0.1293,0.9933,0.0839,1.005
2.501000,0.1278,0.9943,0.0820,1.006
2.507000,0.1268,0.9931,0.0847,1.005
2.509000,0.1258,0.9929,0.0856,1.004
2.548000,0.1256,0.9938,0.0876,1.006
2.549000,0.1283,0.9943,0.0832,1.006
2.549000,0.1278,0.9946,0.0808,1.006
2.549000,0.1249,0.9929,0.0783,1.004
2.549000,0.1229,0.9929,0.0768,1.003
2.550000,0.1200,0.9931,0.0781,1.003
2.550000,0.1193,0.9951,0.0756,1.005
2.550000,0.1266,0.9926,0.0781,1.004
2.555000,0.1332,0.9929,0.0800,1.005
2.558000,0.1341,0.9933,0.0842,1.006
2.563000,0.1319,0.9933,0.0886,1.006
2.568000,0.1293,0.9921,0.0937,1.005
2.573000,0.1271,0.9958,0.0905,1.008
2.580000,0.1307,0.9911,0.0871,1.004
2.583000,0.1290,0.9933,0.0839,1.005
2.588000,0.1263,0.9926,0.0771,1.004
2.608000,0.1256,0.9951,0.0744,1.006
2.609000,0.1256,0.9924,0.0707,1.003
2.609000,0.1302,0.9936,0.0742,1.005
2.609000,0.1300,0.9921,0.0742,1.003
2.613000,0.1305,0.9943,0.0768,1.006
2.617000,0.1329,0.9936,0.0781,1.005
2.622000,0.1317,0.9933,0.0812,1.005
2.627000,0.1295,0.9929,0.0883,1.005
2.633000,0.1276,0.9926,0.0881,1.005
2.638000,0.1285,0.9933,0.0891,1.006
2.642000,0.1310,0.9933,0.0878,1.006
2.647000,0.1337,0.9948,0.0832,1.007
2.652000,0.1334,0.9941,0.0817,1.006
2.657000,0.1339,0.9933,0.0795,1.005
2.662000,0.1327,0.9943,0.0798,1.006
2.666000,0.1332,0.9926,0.0759,1.004
2.671000,0.1373,0.9914,0.0764,1.004
2.676000,0.1373,0.9921,0.0751,1.004
2.682000,0.1371,0.9916,0.0737,1.004
2.686000,0.1307,0.9941,0.0790,1.006
2.691000,0.1276,0.9938,0.0732,1.005
2.715000,0.1434,0.9919,0.0805,1.005
2.715000,0.1446,0.9948,0.0854,1.009
2.716000,0.1390,0.9948,0.0859,1.008
2.716000,0.1344,0.9953,0.0832,1.008
2.716000,0.1332,0.9924,0.0851,1.005
2.720000,0.1346,0.9948,0.0834,1.007
2.725000,0.1346,0.9933,0.0808,1.006
2.730000,0.1349,0.9921,0.0808,1.005
2.736000,0.1344,0.9907,0.0805,1.003
2.740000,0.1322,0.9936,0.0829,1.006
2.746000,0.1298,0.9936,0.0842,1.006
2.750000,0.1251,0.9946,0.0812,1.006
2.755000,0.1236,0.9938,0.0808,1.005
2.760000,0.1224,0.9929,0.0790,1.003
2.765000,0.1215,0.9931,0.0773,1.003
2.770000,0.1222,0.9933,0.0771,1.004
2.776000,0.1190,0.9938,0.0771,1.004
2.787000,0.1163,0.9931,0.0776,1.003
2.788000,0.1166,0.9933,0.0844,1.004
2.790000,0.1171,0.9931,0.0851,1.004
2.795000,0.1153,0.9938,0.0900,1.005
2.799000,0.1122,0.9941,0.0898,1.004
2.804000,0.1124,0.9909,0.0886,1.001
2.809000,0.1107,0.9924,0.0871,1.002
2.838000,0.1117,0.9933,0.0849,1.003
2.839000,0.1141,0.9926,0.0837,1.003
2.839000,0.1246,0.9916,0.0817,1.003
2.840000,0.1180,0.9946,0.0842,1.005
2.840000,0.1139,0.9941,0.0829,1.004
2.840000,0.1158,0.9929,0.0820,1.003
2.843000,0.1175,0.9941,0.0805,1.004
2.848000,0.1212,0.9916,0.0783,1.002
2.853000,0.1261,0.9921,0.0815,1.003
2.858000,0.1212,0.9921,0.0812,1.003
2.863000,0.1183,0.9931,0.0803,1.003
2.869000,0.1202,0.9931,0.0839,1.004
2.873000,0.1200,0.9924,0.0854,1.003
2.883000,0.1227,0.9902,0.0856,1.001
2.884000,0.1246,0.9916,0.0869,1.003
2.887000,0.1300,0.9929,0.0898,1.005
2.892000,0.1332,0.9941,0.0876,1.007
2.923000,0.1385,0.9951,0.0915,1.009
2.923000,0.1437,0.9909,0.0876,1.005
2.924000,0.1400,0.9933,0.0829,1.007
2.924000,0.1337,0.9907,0.0778,1.003
2.924000,0.1305,0.9938,0.0786,1.005
2.925000,0.1327,0.9919,0.0698,1.003
2.927000,0.1400,0.9899,0.0661,1.002
2.931000,0.1322,0.9973,0.0744,1.009
2.936000,0.1146,0.9924,0.0722,1.002
2.941000,0.1195,0.9929,0.0781,1.003
2.946000,0.1312,0.9948,0.0851,1.007
2.951000,0.1356,0.9931,0.0771,1.005
2.956000,0.1464,0.9902,0.0700,1.003
2.961000,0.1429,0.9946,0.0790,1.008
2.966000,0.1420,0.9953,0.0764,1.008
2.970000,0.1478,0.9929,0.0790,1.007
2.975000,0.1385,0.9929,0.0851,1.006
2.980000,0.1239,0.9943,0.0829,1.005
2.985000,0.1241,0.9914,0.0781,1.002
2.992000,0.1324,0.9933,0.0734,1.005
3.004000,0.1417,0.9933,0.0737,1.006
3.005000,0.1505,0.9943,0.0808,1.009
3.005000,0.1591,0.9914,0.0898,1.008
3.010000,0.1603,0.9909,0.0964,1.008
3.042000,0.1503,0.9936,0.0981,1.010
3.043000,0.1434,0.9914,0.0976,1.006
3.043000,0.1390,0.9926,0.0871,1.006
3.044000,0.1327,0.9948,0.0759,1.006
3.044000,0.1288,0.9929,0.0722,1.004
3.044000,0.1273,0.9938,0.0732,1.005
3.045000,0.1310,0.9924,0.0790,1.004
3.050000,0.1268,0.9924,0.0834,1.004
3.054000,0.1256,0.9919,0.0851,1.003
3.059000,0.1288,0.9931,0.0871,1.005
3.064000,0.1285,0.9921,0.0829,1.004
3.075000,0.1285,0.9921,0.0829,1.004
3.076000,0.1285,0.9921,0.0829,1.004
3.080000,0.1285,0.9921,0.0829,1.004
3.087000,0.1285,0.9921,0.0829,1.004
3.092000,0.1273,0.9892,0.0803,1.001
3.099000,0.1256,0.9955,0.0815,1.007
3.103000,0.1244,0.9946,0.0817,1.006
3.106000,0.1207,0.9936,0.0817,1.004
3.135000,0.1197,0.9914,0.0837,1.002
3.135000,0.1171,0.9933,0.0825,1.004
3.135000,0.1141,0.9926,0.0854,1.003
3.136000,0.1095,0.9909,0.0856,1.001
3.136000,0.1100,0.9907,0.0876,1.001
3.136000,0.1110,0.9929,0.0856,1.003
3.141000,0.1146,0.9921,0.0849,1.002
3.147000,0.1207,0.9914,0.0876,1.003
3.151000,0.1222,0.9929,0.0905,1.004
3.156000,0.1232,0.9941,0.0917,1.006
3.161000,0.1273,0.9931,0.0922,1.005
3.165000,0.1310,0.9909,0.0925,1.004
3.170000,0.1307,0.9919,0.0925,1.005
3.175000,0.1315,0.9943,0.0886,1.007
3.184000,0.1293,0.9926,0.0881,1.005
3.185000,0.1263,0.9938,0.0834,1.005
3.196000,0.1258,0.9926,0.0805,1.004
3.197000,0.1246,0.9938,0.0803,1.005
3.244000,0.1258,0.9907,0.0790,1.002
3.244000,0.1261,0.9904,0.0805,1.002
3.245000,0.1244,0.9931,0.0808,1.004
3.245000,0.1254,0.9933,0.0815,1.005
3.245000,0.1268,0.9921,0.0856,1.004
3.246000,0.1332,0.9911,0.0869,1.004
3.246000,0.1327,0.9933,0.0893,1.006
3.246000,0.1339,0.9916,0.0876,1.004
3.247000,0.1368,0.9919,0.0898,1.005
3.247000,0.1390,0.9921,0.0881,1.006
3.248000,0.1417,0.9899,0.0851,1.004
3.253000,0.1410,0.9916,0.0808,1.005
3.258000,0.1434,0.9926,0.0832,1.006
3.263000,0.1437,0.9919,0.0864,1.006
3.268000,0.1417,0.9909,0.0849,1.005
3.273000,0.1403,0.9907,0.0873,1.004
3.277000,0.1395,0.9904,0.0851,1.004
3.282000,0.1420,0.9909,0.0871,1.005
3.288000,0.1420,0.9936,0.0815,1.007
3.293000,0.1466,0.9921,0.0822,1.006
3.299000,0.1425,0.9933,0.0751,1.006
3.302000,0.1403,0.9943,0.0742,1.007
3.307000,0.1376,0.9933,0.0849,1.006
3.331000,0.1410,0.9938,0.0878,1.008
3.332000,0.1483,0.9936,0.0888,1.009
3.332000,0.1456,0.9921,0.0881,1.007
3.332000,0.1393,0.9929,0.0798,1.006
3.333000,0.1395,0.9936,0.0754,1.006
3.337000,0.1337,0.9924,0.0732,1.004
3.342000,0.1280,0.9953,0.0744,1.006
3.346000,0.1190,0.9926,0.0766,1.003
3.351000,0.1151,0.9946,0.0861,1.005
3.356000,0.1193,0.9936,0.0895,1.005
3.361000,0.1178,0.9931,0.0886,1.004
3.365000,0.1134,0.9931,0.0905,1.004
3.371000,0.1151,0.9948,0.0849,1.005
3.375000,0.1227,0.9933,0.0866,1.005
3.383000,0.1300,0.9911,0.0851,1.003
3.390000,0.1319,0.9926,0.0893,1.005
3.391000,0.1337,0.9911,0.0920,1.004
3.395000,0.1283,0.9909,0.0988,1.004
3.419000,0.1178,0.9941,0.0983,1.006
3.420000,0.1066,0.9919,0.0925,1.002
3.420000,0.0926,0.9902,0.0768,0.997
3.420000,0.0834,0.9929,0.0685,0.999
3.421000,0.0936,0.9914,0.0620,0.998
3.424000,0.1027,0.9946,0.0690,1.002
3.429000,0.1061,0.9938,0.0749,1.002
3.437000,0.1107,0.9929,0.0803,1.002
3.439000,0.1232,0.9924,0.0903,1.004
3.444000,0.1290,0.9914,0.0952,1.004
3.450000,0.1388,0.9921,0.1025,1.007
3.454000,0.1417,0.9909,0.0956,1.006
3.459000,0.1359,0.9919,0.0939,1.006
3.463000,0.1222,0.9924,0.0949,1.004
3.468000,0.1290,0.9943,0.0939,1.007
3.474000,0.1632,0.9897,0.0927,1.007
3.479000,0.1280,0.9921,0.0983,1.005
3.486000,0.0907,0.9921,0.0715,0.999
3.488000,0.1356,0.9941,0.0900,1.007
3.493000,0.1649,0.9882,0.0817,1.005
3.497000,0.1229,0.9948,0.0803,1.006
3.532000,0.0948,0.9933,0.0693,1.000
3.533000,0.1024,0.9968,0.0764,1.005
3.533000,0.1478,0.9941,0.0751,1.008
3.534000,0.1634,0.9850,0.0656,1.001
3.534000,0.1319,0.9936,0.0849,1.006
3.534000,0.1283,0.9926,0.0952,1.005
3.534000,0.1351,0.9924,0.0888,1.005
3.537000,0.1503,0.9904,0.0959,1.006
3.542000,0.1422,0.9951,0.0905,1.009
3.547000,0.1261,0.9929,0.0822,1.004
3.552000,0.1232,0.9941,0.0822,1.005
3.557000,0.1295,0.9931,0.0883,1.005
3.562000,0.1346,0.9921,0.0851,1.005
3.566000,0.1324,0.9914,0.0812,1.003
3.571000,0.1156,0.9926,0.0839,1.003
3.577000,0.1141,0.9938,0.0930,1.005
3.583000,0.1381,0.9931,0.0869,1.006
3.586000,0.1471,0.9902,0.0771,1.004
3.590000,0.1454,0.9938,0.0844,1.008
3.622000,0.1429,0.9931,0.0883,1.007
3.623000,0.1346,0.9916,0.0854,1.004
3.623000,0.1351,0.9931,0.0878,1.006
3.623000,0.1493,0.9907,0.0883,1.006
3.624000,0.1551,0.9931,0.0895,1.009
3.624000,0.1473,0.9904,0.0910,1.005
3.625000,0.1315,0.9948,0.0898,1.007
3.632000,0.1195,0.9938,0.0812,1.004
3.635000,0.1219,0.9941,0.0732,1.004
3.640000,0.1339,0.9931,0.0683,1.004
3.645000,0.1456,0.9943,0.0707,1.007
3.650000,0.1461,0.9926,0.0756,1.006
3.655000,0.1444,0.9924,0.0825,1.006
3.659000,0.1425,0.9936,0.0888,1.008
3.664000,0.1371,0.9926,0.0900,1.006
3.670000,0.1351,0.9926,0.0837,1.005
3.674000,0.1354,0.9933,0.0829,1.006
3.684000,0.1349,0.9902,0.0810,1.003
3.684000,0.1359,0.9914,0.0822,1.004
3.689000,0.1356,0.9911,0.0849,1.004
3.693000,0.1337,0.9919,0.0844,1.004
3.717000,0.1322,0.9921,0.0871,1.005
3.718000,0.1254,0.9899,0.0839,1.001
3.719000,0.1151,0.9916,0.0810,1.002
3.719000,0.1114,0.9948,0.0837,1.005
3.719000,0.1175,0.9924,0.0720,1.002
3.724000,0.1156,0.9943,0.0720,1.004
3.729000,0.1168,0.9938,0.0766,1.004
3.734000,0.1254,0.9936,0.0778,1.004
3.738000,0.1239,0.9916,0.0849,1.003
3.743000,0.1195,0.9931,0.0922,1.005
3.748000,0.1215,0.9941,0.0981,1.006
3.753000,0.1175,0.9914,0.0932,1.003
3.758000,0.1188,0.9933,0.0912,1.005
3.763000,0.1180,0.9929,0.0910,1.004
3.768000,0.1127,0.9929,0.0871,1.003
3.772000,0.1107,0.9933,0.0817,1.003
3.777000,0.1212,0.9919,0.0829,1.003
3.782000,0.1210,0.9941,0.0847,1.005
3.787000,0.1188,0.9919,0.0859,1.003
3.792000,0.1254,0.9914,0.0939,1.004
3.802000,0.1273,0.9921,0.0925,1.005
3.802000,0.1222,0.9929,0.0932,1.005
3.807000,0.1266,0.9929,0.0893,1.005
3.811000,0.1273,0.9924,0.0849,1.004
3.836000,0.1332,0.9914,0.0742,1.003
3.837000,0.1337,0.9946,0.0820,1.007
3.837000,0.1298,0.9921,0.0810,1.004
3.837000,0.1288,0.9951,0.0820,1.007
3.838000,0.1290,0.9919,0.0837,1.004
3.841000,0.1278,0.9911,0.0808,1.003
3.846000,0.1229,0.9931,0.0861,1.004
3.856000,0.1283,0.9921,0.0817,1.004
3.857000,0.1217,0.9941,0.0837,1.005
3.860000,0.1070,0.9919,0.0793,1.001
3.877000,0.1092,0.9916,0.0798,1.001
3.877000,0.1190,0.9931,0.0822,1.004
3.877000,0.1246,0.9911,0.0834,1.002
3.880000,0.1273,0.9931,0.0839,1.005
3.885000,0.1256,0.9936,0.0842,1.005
3.897000,0.1273,0.9933,0.0895,1.005
3.898000,0.1271,0.9933,0.0886,1.005
3.899000,0.1215,0.9948,0.0959,1.007
3.904000,0.1190,0.9926,0.0930,1.004
3.909000,0.1229,0.9926,0.0893,1.004
3.914000,0.1276,0.9943,0.0886,1.006
3.919000,0.1319,0.9931,0.0861,1.006
3.924000,0.1383,0.9892,0.0856,1.002
3.929000,0.1412,0.9904,0.0844,1.004
3.954000,0.1407,0.9909,0.0859,1.005
3.955000,0.1403,0.9921,0.0844,1.006
3.955000,0.1381,0.9933,0.0837,1.006
3.955000,0.1366,0.9929,0.0827,1.006
3.955000,0.1339,0.9921,0.0773,1.004
3.958000,0.1366,0.9914,0.0781,1.004
3.963000,0.1373,0.9914,0.0761,1.004
3.974000,0.1363,0.9911,0.0793,1.004
3.974000,0.1356,0.9929,0.0834,1.006
3.978000,0.1346,0.9921,0.0832,1.005
3.995000,0.1346,0.9936,0.0825,1.006
3.996000,0.1344,0.9914,0.0851,1.004
3.996000,0.1322,0.9924,0.0832,1.005
3.998000,0.1271,0.9941,0.0822,1.006
4.011000,0.1205,0.9919,0.0808,1.002
4.012000,0.1161,0.9938,0.0800,1.004
4.012000,0.1153,0.9943,0.0781,1.004
4.038000,0.1183,0.9938,0.0754,1.004
4.038000,0.1163,0.9929,0.0764,1.003
4.039000,0.1180,0.9941,0.0822,1.004
4.039000,0.1183,0.9931,0.0834,1.004
4.039000,0.1197,0.9931,0.0881,1.004
4.042000,0.1239,0.9943,0.0903,1.006
4.046000,0.1251,0.9929,0.0900,1.005
4.052000,0.1302,0.9938,0.0910,1.006
4.056000,0.1361,0.9921,0.0900,1.005
4.061000,0.1356,0.9914,0.0876,1.004
4.066000,0.1339,0.9902,0.0854,1.003
4.071000,0.1290,0.9921,0.0871,1.004
4.075000,0.1271,0.9924,0.0854,1.004
4.085000,0.1295,0.9929,0.0859,1.005
4.086000,0.1276,0.9919,0.0844,1.004
4.090000,0.1261,0.9926,0.0808,1.004
4.095000,0.1273,0.9916,0.0817,1.003
4.120000,0.1305,0.9948,0.0829,1.007
4.120000,0.1300,0.9914,0.0817,1.003
4.121000,0.1295,0.9919,0.0800,1.003
4.121000,0.1288,0.9938,0.0822,1.006
4.121000,0.1295,0.9914,0.0844,1.003
4.125000,0.1327,0.9911,0.0793,1.003
4.129000,0.1388,0.9921,0.0788,1.005
4.135000,0.1422,0.9924,0.0776,1.006
4.140000,0.1429,0.9924,0.0776,1.006
4.144000,0.1405,0.9929,0.0754,1.006
4.149000,0.1425,0.9924,0.0820,1.006
4.154000,0.1405,0.9914,0.0839,1.005
4.159000,0.1376,0.9936,0.0859,1.007
4.164000,0.1361,0.9916,0.0842,1.004
4.169000,0.1332,0.9916,0.0815,1.004
4.175000,0.1295,0.9921,0.0803,1.004
4.178000,0.1285,0.9890,0.0808,1.001
4.184000,0.1266,0.9941,0.0759,1.005
4.189000,0.1224,0.9946,0.0759,1.005
4.194000,0.1219,0.9911,0.0790,1.002
4.204000,0.1219,0.9929,0.0827,1.004
4.205000,0.1215,0.9921,0.0869,1.003
4.208000,0.1190,0.9948,0.0905,1.006
4.212000,0.1149,0.9921,0.0930,1.003
4.250000,0.1171,0.9936,0.0971,1.005
4.250000,0.1258,0.9933,0.0956,1.006
4.251000,0.1381,0.9941,0.0895,1.008
4.251000,0.1239,0.9914,0.0842,1.003
4.251000,0.1207,0.9921,0.0851,1.003
4.251000,0.1188,0.9924,0.0866,1.003
4.252000,0.1139,0.9931,0.0925,1.004
4.252000,0.1163,0.9943,0.0898,1.005
4.257000,0.1156,0.9948,0.0849,1.005
4.262000,0.1205,0.9948,0.0771,1.005
4.267000,0.1185,0.9924,0.0798,1.003
4.271000,0.1151,0.9921,0.0847,1.002
4.276000,0.1158,0.9926,0.0849,1.003
4.285000,0.1205,0.9919,0.0817,1.003
4.286000,0.1161,0.9941,0.0746,1.004
4.291000,0.1085,0.9929,0.0732,1.001
4.296000,0.1141,0.9948,0.0815,1.005
4.316000,0.1141,0.9951,0.0854,1.005
4.316000,0.1141,0.9916,0.0851,1.002
4.317000,0.1153,0.9931,0.0864,1.004
4.317000,0.1180,0.9916,0.0869,1.002
4.320000,0.1166,0.9931,0.0878,1.004
4.325000,0.1124,0.9931,0.0956,1.004
4.331000,0.1136,0.9936,0.0956,1.005
4.337000,0.1171,0.9941,0.0922,1.005
4.340000,0.1197,0.9933,0.0898,1.005
4.345000,0.1205,0.9953,0.0871,1.006
4.350000,0.1251,0.9916,0.0822,1.003
4.355000,0.1227,0.9941,0.0854,1.005
4.360000,0.1251,0.9938,0.0834,1.005
4.365000,0.1288,0.9916,0.0842,1.004
4.369000,0.1271,0.9958,0.0842,1.007
4.375000,0.1307,0.9941,0.0815,1.006
4.379000,0.1339,0.9916,0.0751,1.003
4.384000,0.1354,0.9924,0.0764,1.004
4.389000,0.1329,0.9926,0.0759,1.004
4.394000,0.1232,0.9916,0.0737,1.002
4.409000,0.1271,0.9951,0.0798,1.006
4.409000,0.1329,0.9890,0.0768,1.001
4.411000,0.1278,0.9924,0.0712,1.003
4.462000,0.1300,0.9926,0.0707,1.004
4.463000,0.1368,0.9914,0.0698,1.003
4.463000,0.1378,0.9926,0.0715,1.005
4.464000,0.1349,0.9897,0.0732,1.002
4.464000,0.1329,0.9907,0.0722,1.002
4.464000,0.1351,0.9926,0.0754,1.005
4.465000,0.1312,0.9890,0.0688,1.000
4.465000,0.1266,0.9916,0.0678,1.002
4.465000,0.1229,0.9921,0.0707,1.002
4.466000,0.1234,0.9960,0.0768,1.007
4.466000,0.1276,0.9926,0.0844,1.004
4.468000,0.1251,0.9926,0.0912,1.005
4.473000,0.1195,0.9936,0.0905,1.005
4.478000,0.1212,0.9943,0.0898,1.006
4.483000,0.1356,0.9931,0.0903,1.006
4.486000,0.1429,0.9904,0.0873,1.004
4.492000,0.1427,0.9924,0.0864,1.006
4.498000,0.1415,0.9938,0.0837,1.007
4.507000,0.1412,0.9926,0.0883,1.006
4.508000,0.1285,0.9929,0.0944,1.006
4.555000,0.1168,0.9933,0.0917,1.004
4.555000,0.1136,0.9951,0.0895,1.006
4.555000,0.1178,0.9941,0.0908,1.005
4.556000,0.1268,0.9929,0.0908,1.005
4.556000,0.1346,0.9931,0.0900,1.006
4.556000,0.1385,0.9933,0.0893,1.007
4.557000,0.1422,0.9938,0.0891,1.008
4.557000,0.1398,0.9936,0.0961,1.008
4.557000,0.1393,0.9933,0.0915,1.007
4.557000,0.1420,0.9914,0.0883,1.005
4.561000,0.1464,0.9924,0.0888,1.007
4.567000,0.1539,0.9919,0.0881,1.008
4.571000,0.1525,0.9926,0.0864,1.008
4.575000,0.1486,0.9909,0.0825,1.005
4.580000,0.1388,0.9916,0.0851,1.005
4.585000,0.1261,0.9919,0.0778,1.003
4.590000,0.1293,0.9931,0.0773,1.004
4.595000,0.1317,0.9936,0.0842,1.006
4.603000,0.1341,0.9933,0.0842,1.006
4.605000,0.1368,0.9936,0.0829,1.006
4.609000,0.1327,0.9914,0.0781,1.003
4.614000,0.1312,0.9929,0.0768,1.004
4.620000,0.1263,0.9931,0.0720,1.004
4.624000,0.1244,0.9914,0.0707,1.002
4.629000,0.1219,0.9953,0.0646,1.005
4.659000,0.1227,0.9938,0.0634,1.003
4.659000,0.1254,0.9926,0.0602,1.002
4.660000,0.1263,0.9921,0.0639,1.002
4.660000,0.1346,0.9929,0.0705,1.004
4.660000,0.1359,0.9914,0.0742,1.003
4.660000,0.1363,0.9931,0.0781,1.005
4.663000,0.1356,0.9914,0.0803,1.004
4.673000,0.1232,0.9919,0.0783,1.003
4.674000,0.1158,0.9931,0.0803,1.003
4.678000,0.1078,0.9938,0.0764,1.003
4.686000,0.1005,0.9941,0.0676,1.001
4.689000,0.0965,0.9941,0.0651,1.001
4.693000,0.0968,0.9931,0.0715,1.000
4.714000,0.0934,0.9946,0.0768,1.002
4.714000,0.0961,0.9938,0.0834,1.002
4.715000,0.0970,0.9924,0.0822,1.000
4.716000,0.0997,0.9916,0.0825,1.000
4.717000,0.0973,0.9890,0.0815,0.997
4.722000,0.0956,0.9933,0.0795,1.001
4.727000,0.1012,0.9899,0.0783,0.998
4.732000,0.0985,0.9955,0.0783,1.003
4.737000,0.0953,0.9904,0.0820,0.998
4.742000,0.0692,0.9987,0.0971,1.006
4.746000,0.0572,1.0014,0.1164,1.010
4.751000,0.1075,0.9816,0.1027,0.993
4.756000,0.1341,0.9892,0.0978,1.003
4.761000,0.1149,0.9936,0.0898,1.004
4.766000,0.0968,0.9977,0.0641,1.004
4.771000,0.1127,0.9941,0.0678,1.003
4.776000,0.1095,0.9804,0.0820,0.990
4.781000,0.0970,0.9931,0.1025,1.003
4.786000,0.1139,0.9973,0.1184,1.011
4.791000,0.1290,0.9819,0.1511,1.002
4.796000,0.1197,0.9819,0.1662,1.003
4.833000,0.0863,0.9833,0.1723,1.002
4.834000,0.0650,0.9987,0.1542,1.013
4.834000,0.0724,1.0087,0.1076,1.017
4.834000,0.0799,0.9963,0.0751,1.002
4.835000,0.1197,1.0021,0.0329,1.010
4.835000,0.1476,0.9997,-0.0098,1.011
4.835000,0.1446,0.9689,-0.0340,0.980
4.836000,0.1542,0.9855,-0.0159,0.998
4.840000,0.1119,0.9824,-0.0274,0.989
4.845000,0.0985,0.9819,-0.0284,0.987
4.850000,0.1058,0.9868,-0.0289,0.993
4.854000,0.1371,0.9755,0.0339,0.986
4.859000,0.1503,1.0082,0.0756,1.022
4.864000,0.0682,1.0346,0.1149,1.043
4.869000,0.0294,1.0053,0.1552,1.018
4.874000,0.1080,1.0034,0.1999,1.029
4.879000,0.1669,0.9877,0.2216,1.026
4.886000,0.1547,0.9745,0.1958,1.006
4.888000,0.1085,0.9904,0.1403,1.006
4.893000,0.0775,1.0016,0.0739,1.007
4.898000,0.0831,0.9887,0.0263,0.993
4.921000,0.1024,0.9894,0.0222,0.995
4.921000,0.0992,0.9760,0.0251,0.981
4.922000,0.0897,0.9728,0.0046,0.977
4.922000,0.0753,1.0139,0.0073,1.017
4.923000,0.1012,1.0283,0.1140,1.039
4.928000,0.1586,0.9985,0.1552,1.023
4.933000,0.1766,0.9677,0.1459,0.994
4.937000,0.1581,1.0007,0.1237,1.021
4.942000,0.1710,0.9792,0.0646,0.996
4.947000,0.1139,1.0014,-0.0047,1.008
4.952000,0.0853,0.9965,-0.0355,1.001
4.957000,0.0841,0.9838,-0.0218,0.988
4.962000,0.0895,0.9758,-0.0191,0.980
4.967000,0.1322,1.0275,0.0334,1.037
4.972000,0.1786,0.9650,0.1601,0.994
4.977000,0.1539,1.0412,0.2524,1.082
4.981000,0.1534,0.9731,0.1960,1.004
4.986000,0.1676,0.9423,0.1306,0.966
4.991000,0.1739,0.9787,0.1057,1.000
4.996000,0.1044,1.0219,0.0749,1.030
5.003000,0.0550,1.0170,0.0458,1.020
5.005000,0.0607,0.9330,0.0151,0.935
5.010000,0.0770,1.0390,-0.0062,1.042
5.031000,0.1102,1.0034,0.1267,1.017
5.031000,0.1366,0.9545,0.2011,0.985
5.031000,0.1395,1.0178,0.2055,1.048
5.032000,0.1222,0.9772,0.1833,1.002
5.043000,0.1278,0.9702,0.1391,0.988
5.043000,0.1227,1.0417,0.0668,1.051
5.045000,0.0973,0.9909,0.0180,0.996
5.056000,0.0675,0.9938,-0.0147,0.996
5.057000,0.0641,1.0009,-0.0135,1.003
5.059000,0.0672,0.9753,0.0029,0.978
5.065000,0.0746,0.9716,-0.0155,0.975
5.070000,0.0931,0.9804,-0.0079,0.985
5.075000,0.1146,1.0231,0.0002,1.030
5.080000,0.1779,0.9455,0.0290,0.963
5.084000,0.2145,0.9633,0.0778,0.990
5.090000,0.1478,1.0004,0.1044,1.017
5.094000,0.0985,1.0512,0.1174,1.062
5.099000,0.0301,0.9667,0.2019,0.988
5.105000,0.0209,1.0241,0.2482,1.054
5.111000,0.0846,1.0527,0.2341,1.082
5.113000,0.1280,0.9328,0.2146,0.966
5.155000,0.1774,0.9526,0.1750,0.985
5.156000,0.1903,0.9963,0.1174,1.021
5.156000,0.1754,1.0131,0.0014,1.028
5.157000,0.1075,0.9882,-0.0333,0.995
5.157000,0.0589,0.9484,0.1044,0.956
5.157000,0.0504,0.9973,0.0234,0.999
5.158000,0.0489,1.0715,-0.0201,1.073
5.158000,0.0707,0.9797,-0.0259,0.983
5.158000,0.0909,0.9728,0.0058,0.977
5.163000,0.2006,0.9999,0.0280,1.020
5.176000,0.2235,0.9445,-0.0347,0.971
5.177000,0.1344,0.9992,-0.0008,1.008
5.177000,0.0419,0.9780,0.2197,1.003
5.182000,0.0506,1.0397,0.2023,1.060
5.187000,0.1444,0.9806,0.2199,1.015
5.197000,0.1510,0.9902,0.2082,1.023
5.197000,0.0646,1.0082,0.1242,1.018
5.202000,0.0382,1.0002,0.0981,1.006
5.218000,0.0558,0.9677,0.1650,0.983
5.219000,0.0585,0.9960,0.1408,1.008
5.219000,0.1351,1.0715,0.1039,1.085
5.221000,0.1529,0.9985,0.0392,1.011
5.226000,0.1989,0.9291,-0.0071,0.950
5.232000,0.2443,0.8627,-0.0374,0.897
5.237000,0.2052,1.0234,-0.0040,1.044
5.242000,0.0922,0.9970,-0.0428,1.002
5.246000,0.0404,1.0136,0.0449,1.015
5.287000,-0.0268,1.0024,0.0947,1.007
5.288000,-0.0517,1.1000,0.0656,1.103
5.289000,0.0021,1.0605,0.0854,1.064
5.289000,0.0455,0.9697,0.2429,1.001
5.290000,0.0926,0.9667,0.3027,1.017
5.290000,0.1327,0.9706,0.2822,1.019
5.290000,0.1498,0.8625,0.2033,0.899
5.291000,0.2623,0.9479,0.0925,0.988
5.291000,0.2621,1.1611,-0.0467,1.191
5.294000,0.1495,0.9970,-0.0252,1.008
5.308000,0.0755,0.8610,0.0241,0.865
5.308000,0.0777,1.0910,-0.0113,1.094
5.309000,0.0538,0.9694,-0.0155,0.971
5.314000,0.0240,0.9533,-0.0228,0.954
5.328000,0.0318,1.0654,-0.0723,1.068
5.330000,0.0397,0.9401,-0.0528,0.942
5.330000,0.0328,1.0673,-0.0225,1.068
5.333000,0.0563,0.9877,-0.0294,0.990
5.362000,0.0897,1.0031,-0.0272,1.007
5.363000,0.1429,0.8893,-0.0357,0.901
5.363000,0.1432,1.0114,0.0085,1.022
5.363000,0.1185,1.1604,-0.0430,1.167
5.364000,0.1009,0.9423,0.0541,0.949
5.364000,0.1244,0.9785,0.3032,1.032
5.378000,0.1532,0.9230,0.2004,0.957
5.379000,0.0441,0.9304,0.1142,0.938
5.379000,0.0277,1.1057,0.3169,1.151
5.389000,0.1554,1.0519,0.3586,1.122
5.392000,0.0970,0.7714,0.1232,0.787
5.393000,0.0355,1.1000,0.0219,1.101
5.398000,-0.0204,1.0424,0.2490,1.072
5.430000,0.0668,0.9909,0.1982,1.013
5.431000,0.0887,0.9543,0.0253,0.959
5.432000,0.0699,0.8935,-0.0780,0.900
5.432000,0.1056,1.0685,0.0214,1.074
5.433000,0.1390,1.1171,0.2478,1.153
5.434000,0.1193,1.0886,-0.0384,1.096
5.434000,0.0748,0.7860,-0.0259,0.790
5.437000,0.0807,0.9399,0.0373,0.944
5.442000,0.0951,1.0490,-0.0838,1.057
5.447000,0.0658,1.0739,-0.0306,1.076
5.451000,0.0616,0.9130,-0.0125,0.915
5.457000,0.0502,1.0178,0.1345,1.028
5.461000,0.1383,1.2114,0.1828,1.233
5.467000,0.0882,0.7511,0.0539,0.758
5.471000,0.0555,0.9557,-0.0462,0.958
5.476000,0.0167,0.9892,0.1118,0.996
5.481000,0.0765,1.7776,0.1235,1.784
5.486000,0.3600,1.2116,-0.0921,1.267
5.491000,0.4682,0.4769,-0.0203,0.669
5.496000,0.1124,0.6859,0.0170,0.695
5.506000,0.1254,0.9870,-0.0457,0.996
5.507000,0.1515,0.9709,-0.0379,0.983
5.513000,0.1398,1.0153,-0.0499,1.026
5.515000,0.1327,1.0568,-0.1370,1.074
5.550000,0.1156,0.7492,-0.1046,0.765
5.552000,0.1132,0.9045,-0.0096,0.912
5.552000,0.0653,0.9677,0.4741,1.080
5.553000,0.1288,1.3916,0.1186,1.403
5.553000,0.1066,0.8232,0.2175,0.858
5.554000,-0.0204,0.8456,0.3747,0.925
5.554000,-0.0954,1.4275,0.2312,1.449
5.555000,-0.0011,0.8561,0.0624,0.858
5.559000,0.0121,0.7763,0.0837,0.781
5.564000,-0.0626,1.3406,0.2043,1.357
5.569000,0.0336,1.0410,-0.0128,1.042
5.574000,0.0970,0.6964,0.1010,0.710
5.579000,0.2113,0.9743,0.1862,1.014
5.587000,0.1974,1.3435,0.1057,1.362
5.589000,0.2228,0.7912,0.0402,0.823
5.597000,0.1764,0.6735,0.0358,0.697
5.599000,0.0755,1.0021,0.2226,1.029
5.614000,0.0917,1.1855,0.1308,1.196
5.614000,0.0948,0.7826,0.1342,0.800
5.615000,0.0045,0.8720,0.3462,0.938
5.623000,0.0519,1.3239,0.1540,1.334
5.623000,0.0375,0.9714,0.0576,0.974
5.628000,-0.0055,0.7106,0.1083,0.719
5.633000,0.0565,1.1291,0.1154,1.136
5.637000,0.0714,1.1450,0.1191,1.153
5.642000,-0.0148,0.8874,0.2138,0.913
5.648000,0.0292,1.1801,0.0641,1.182
5.652000,0.0956,0.8268,-0.0465,0.834
5.657000,0.2220,0.9684,0.1362,1.003
5.662000,0.1849,1.1699,0.0095,1.184
5.667000,0.2189,0.7548,-0.0513,0.788
5.672000,0.1236,0.8622,0.0104,0.871
5.677000,0.0057,0.9743,0.4509,1.074
5.682000,0.0650,1.0920,0.3479,1.148
5.687000,-0.0221,0.9194,0.0412,0.921
5.691000,0.0152,0.8410,0.0724,0.844
5.696000,0.0582,1.2341,0.1938,1.251
5.705000,-0.0177,1.2837,0.1447,1.292
5.708000,0.0543,0.6750,-0.0811,0.682
5.711000,0.0524,0.9167,0.0781,0.921
5.716000,0.1053,1.5239,0.1088,1.531
5.742000,0.1542,0.7555,-0.0465,0.772
5.743000,0.1627,0.5617,0.0156,0.585
5.743000,0.1310,1.4668,0.3178,1.507
5.743000,0.1212,0.9472,-0.0137,0.955
5.744000,0.0836,0.9562,0.0063,0.960
5.745000,0.1134,0.8722,-0.1131,0.887
5.750000,0.0377,1.0480,0.0324,1.049
5.755000,-0.0167,0.9648,0.1640,0.979
5.760000,0.0487,0.9814,0.0436,0.984
5.764000,-0.1359,1.9707,-0.0802,1.977
5.769000,-0.0644,0.8429,0.0331,0.846
5.775000,-0.0321,0.2054,0.0026,0.208
5.780000,0.0431,1.3699,0.0209,1.371
5.785000,0.1166,1.1538,0.1015,1.164
5.790000,0.1676,0.6723,0.3589,0.780
5.795000,0.3197,1.1621,0.3840,1.265
5.799000,0.3031,0.7714,0.1828,0.849
5.805000,0.1481,0.9133,0.3520,0.990
5.809000,0.2169,0.9199,0.0930,0.950
5.814000,0.1766,1.1792,-0.0416,1.193
5.850000,0.1041,0.9763,0.2045,1.003
5.851000,0.0609,0.8085,0.0309,0.811
5.851000,0.0734,1.2680,0.2294,1.291
5.851000,0.0401,0.9028,0.0246,0.904
5.852000,-0.0165,0.7704,0.0075,0.771
5.852000,0.0074,0.9973,0.0666,1.000
5.852000,-0.0741,1.0683,0.0839,1.074
5.853000,0.0030,0.8556,0.0356,0.856
5.858000,0.0128,0.6757,-0.0140,0.676
5.863000,0.1322,1.4368,-0.0882,1.446
5.868000,0.1031,1.1628,-0.0277,1.168
5.873000,0.1161,0.9313,0.0541,0.940
5.878000,0.1840,0.7880,0.0598,0.811
5.882000,0.0619,0.7658,0.2255,0.801
5.887000,0.1791,1.1569,0.1235,1.177
5.892000,0.1361,1.1550,0.4385,1.243
5.897000,0.0636,1.1777,0.2746,1.211
5.906000,0.0289,0.7240,0.1125,0.733
5.908000,0.1258,0.8490,0.0905,0.863
5.912000,0.1573,1.3134,0.1848,1.336
5.916000,0.0900,0.9521,0.2458,0.987
5.943000,0.0629,0.8005,-0.0196,0.803
5.944000,0.1246,1.1989,0.0605,1.207
5.944000,0.1437,1.0180,0.0055,1.028
5.944000,0.0018,0.4677,0.1501,0.491
5.944000,-0.0695,1.6001,0.2143,1.616
5.946000,0.0404,0.6635,0.4077,0.780
5.951000,0.0663,0.5412,-0.0150,0.545
5.956000,0.1510,1.4289,-0.0448,1.438
5.961000,0.0851,0.9828,-0.0355,0.987
5.965000,0.0902,0.8603,0.1042,0.871
5.970000,0.1114,0.9435,-0.0089,0.950
5.976000,0.0922,1.3227,0.0109,1.326
5.980000,0.0692,0.8906,-0.1219,0.902
5.988000,0.0494,0.8654,0.0307,0.867
5.991000,0.0172,1.0432,0.1037,1.048
5.995000,0.0370,1.4040,0.1357,1.411
6.000000,0.0194,0.2960,-0.0015,0.297
6.028000,0.1871,1.6314,-0.0259,1.642
6.030000,0.0768,0.9443,-0.0242,0.948
6.030000,0.0563,0.8036,0.4021,0.900
6.031000,0.0748,1.0241,0.1052,1.032
6.031000,0.1080,1.0051,0.1000,1.016
6.031000,0.0426,1.1982,-0.0096,1.199
6.034000,0.0738,1.1049,0.2902,1.145
6.040000,0.0697,0.9914,0.0632,0.996
6.044000,0.1066,0.5438,0.0815,0.560
6.049000,0.1132,1.0678,-0.0028,1.074
6.054000,0.1110,1.5413,-0.0233,1.545
6.059000,0.0736,0.7751,0.2578,0.820
6.063000,0.0758,0.4884,0.0102,0.494
6.069000,0.0079,1.4258,0.3357,1.465
6.074000,0.0333,1.2536,-0.0289,1.254
6.079000,0.1576,0.8400,-0.0990,0.860
6.083000,0.1449,0.4530,0.0187,0.476
6.091000,0.1234,1.3530,-0.0701,1.360
6.093000,0.0318,1.0466,0.0693,1.049
6.098000,0.0204,0.7477,0.0224,0.748
6.136000,0.1014,0.9042,0.2097,0.934
6.137000,0.0228,1.3203,0.1530,1.329
6.137000,0.0843,0.8725,0.2544,0.913
6.138000,0.1378,0.9145,0.0207,0.925
6.138000,0.2135,1.0368,0.0998,1.063
6.138000,0.0912,1.3757,-0.0018,1.379
6.139000,0.0731,0.8327,0.0737,0.839
6.139000,-0.0583,0.6234,0.4092,0.748
6.142000,-0.0900,1.2807,0.4297,1.354
6.147000,0.0650,0.5448,0.0820,0.555
6.153000,0.2809,1.4636,-0.1090,1.494
6.157000,-0.0141,0.9777,0.1030,0.983
6.161000,0.0336,0.6689,0.3007,0.734
6.167000,0.1693,0.9091,-0.0269,0.925
6.172000,0.1420,1.2075,-0.1341,1.223
6.177000,0.0438,0.9738,-0.0157,0.975
6.181000,-0.0023,0.7260,-0.0321,0.727
6.192000,0.0357,1.1628,-0.1283,1.170
6.192000,0.0594,0.9924,0.3127,1.042
6.196000,0.0458,0.7480,0.0400,0.750
6.200000,0.0404,0.9933,0.1823,1.011
6.245000,-0.0211,1.4704,0.3359,1.508
6.247000,0.0282,0.5145,0.0109,0.515
6.248000,0.2201,0.9213,-0.0572,0.949
6.248000,0.2225,1.2939,0.1074,1.317
6.248000,0.0983,0.9614,-0.0386,0.967
6.249000,0.0824,0.7646,-0.0130,0.769
6.249000,0.0790,1.1821,-0.0013,1.185
6.249000,-0.0426,1.2736,0.2338,1.296
6.250000,0.0150,0.9868,0.1936,1.006
6.250000,0.0450,0.8515,0.0073,0.853
6.255000,0.1278,0.8351,-0.0411,0.846
6.260000,0.1920,1.1525,-0.0623,1.170
6.264000,0.0377,0.8449,0.0939,0.851
6.270000,0.0123,0.9936,0.0295,0.994
6.274000,0.1324,1.1457,0.2934,1.190
6.279000,0.0292,0.7514,0.1557,0.768
6.284000,0.0777,1.1679,-0.0269,1.171
6.289000,0.1493,0.6698,0.2270,0.723
6.295000,0.1495,1.3025,0.1838,1.324
6.300000,0.1654,1.0715,0.1269,1.092
6.315000,-0.0260,0.7909,0.1689,0.809
6.317000,-0.0351,0.6046,0.3652,0.707
6.318000,0.0692,1.4065,0.0138,1.408
6.321000,0.1229,1.3357,-0.0064,1.341
6.377000,-0.0016,0.3859,0.0871,0.396
6.378000,-0.0131,1.0632,0.0392,1.064
6.378000,0.0262,0.7804,0.0734,0.784
6.379000,0.0729,1.3235,0.1828,1.338
6.379000,0.0392,0.8639,0.0209,0.865
6.379000,0.0658,0.7404,0.0517,0.745
6.380000,0.1837,1.0825,0.2094,1.118
6.380000,0.0189,0.7279,0.2348,0.765
6.380000,0.1310,1.0270,0.1958,1.054
6.381000,0.1832,1.7769,0.0190,1.786
6.381000,0.0089,0.8276,0.0478,0.829
6.382000,0.0309,0.6969,-0.0220,0.698
6.382000,0.1039,1.3149,0.0224,1.319
6.387000,0.0296,1.4394,0.1032,1.443
6.392000,0.0287,0.7262,-0.0030,0.727
6.397000,0.0968,0.9123,0.0895,0.922
6.406000,0.0751,1.6126,-0.0535,1.615
6.407000,0.0946,0.6015,0.0016,0.609
6.411000,0.1796,0.5812,-0.0416,0.610
6.416000,0.0985,1.2746,0.0287,1.279
6.450000,0.0763,1.3178,0.4668,1.400
6.451000,0.0143,0.8871,0.1396,0.898
6.452000,0.0504,0.7057,0.0036,0.708
6.453000,0.0182,1.1328,0.3144,1.176
6.453000,0.1202,1.2172,0.0541,1.224
6.454000,0.1925,0.5497,0.2102,0.619
6.454000,-0.0211,1.2378,0.5276,1.346
6.456000,0.0216,0.5131,0.1618,0.538
6.461000,0.1547,1.1618,0.1081,1.177
6.466000,0.0873,0.9951,0.0143,0.999
6.470000,-0.0631,1.0522,0.1059,1.059
6.475000,0.0221,0.5050,0.1144,0.518
6.480000,0.0943,0.7768,0.0515,0.784
6.485000,0.0629,1.8111,0.2548,1.830
6.491000,0.1149,0.9321,0.0727,0.942
6.496000,0.1446,0.5726,-0.0413,0.592
6.500000,0.0348,0.9282,0.0317,0.929
6.505000,0.0638,0.8945,0.0510,0.898
6.541000,0.0895,0.8007,0.0847,0.810
6.542000,0.0863,1.4082,-0.0299,1.411
6.542000,0.0748,1.8169,-0.0990,1.821
6.543000,0.1112,0.6098,0.0405,0.621
6.543000,0.0433,0.6098,0.2880,0.676
6.543000,0.0831,0.8927,-0.0413,0.898
6.544000,0.1879,0.9037,-0.0286,0.924
6.544000,-0.0067,0.8044,0.5383,0.968
6.549000,-0.1188,1.4702,0.7886,1.673
6.554000,-0.0055,1.6035,0.2290,1.620
6.559000,0.0914,0.9164,0.0607,0.923
6.563000,0.1561,0.6689,0.0092,0.687
6.568000,0.1915,0.8356,0.1330,0.868
6.573000,0.1300,1.0922,0.1447,1.109
6.578000,0.0704,0.6862,0.0788,0.694
6.583000,0.0257,1.2588,0.3496,1.307
6.591000,0.0768,0.8769,0.0917,0.885
6.593000,0.0057,1.4849,-0.0789,1.487
6.597000,0.0289,0.6679,0.2695,0.721
6.603000,0.1224,0.9831,0.1408,1.001
6.607000,0.2233,1.2429,0.0319,1.263
6.612000,0.0924,1.1823,0.0585,1.187
6.617000,0.0555,1.0390,0.1530,1.052
6.643000,0.0270,0.8237,-0.0423,0.825
6.643000,-0.0143,0.9018,-0.1202,0.910
6.644000,-0.0048,0.8005,-0.0247,0.801
6.644000,0.0123,0.7914,0.0136,0.792
6.644000,0.0453,0.5976,0.0375,0.600
6.646000,0.2057,1.3420,-0.0152,1.358
6.651000,0.4887,1.0383,0.3100,1.189
6.657000,0.6703,0.7611,-0.0443,1.015
6.661000,0.1898,1.5881,0.0119,1.599
6.666000,0.0731,0.5526,-0.0228,0.558
6.671000,0.0113,0.3490,0.0073,0.349
6.676000,-0.1532,1.2292,0.2360,1.261
6.681000,-0.1818,0.9389,-0.0479,0.958
6.686000,-0.1232,0.5338,0.3073,0.628
6.690000,-0.1676,0.9955,0.0202,1.010
6.695000,-0.1344,1.2317,0.0651,1.241
6.700000,-0.0883,0.8439,0.0224,0.849
6.709000,-0.1098,0.6676,0.5110,0.848
6.710000,0.1525,1.2627,0.3869,1.329
6.715000,0.0851,1.1284,0.1017,1.136
6.771000,0.1737,0.9816,-0.1532,1.009
6.771000,0.2484,1.1948,0.3176,1.261
6.772000,0.5148,1.3711,-0.0255,1.465
6.772000,0.2128,0.9076,0.0783,0.936
6.772000,0.1407,0.4266,0.0424,0.451
6.773000,0.1412,1.3762,-0.0103,1.383
6.773000,0.2032,1.1853,0.0705,1.205
6.774000,0.0765,0.7328,0.0881,0.742
6.774000,0.0643,0.8341,0.0707,0.840
6.775000,0.1349,0.9340,0.0825,0.947
6.775000,0.1197,0.8134,-0.0157,0.822
6.775000,0.0692,0.7062,-0.0516,0.711
6.778000,0.0143,0.8232,0.1267,0.833
6.783000,-0.0265,0.4506,0.0214,0.452
6.788000,-0.1642,1.2094,0.4866,1.314
6.793000,-0.0568,0.7958,0.0573,0.800
6.798000,-0.0341,0.5724,0.1936,0.605
6.808000,-0.0004,1.2248,0.1191,1.231
6.808000,0.0597,0.8830,0.0234,0.885
6.813000,0.0602,0.9650,-0.0125,0.967
6.818000,0.0494,1.0117,0.4729,1.118
6.851000,0.1747,0.7260,0.3379,0.820
6.852000,0.0851,0.7079,0.0051,0.713
6.852000,0.1110,0.9079,-0.0401,0.916
6.852000,0.0653,1.1359,0.1579,1.149
6.853000,0.1578,1.0226,0.0073,1.035
6.853000,0.0746,0.4923,0.1184,0.512
6.853000,0.0882,1.1474,0.0651,1.153
6.857000,0.1620,1.6067,0.1198,1.619
6.862000,0.0563,0.6422,-0.0594,0.647
6.867000,0.0094,0.4567,-0.0277,0.458
6.872000,0.0931,1.0766,-0.0179,1.081
6.877000,0.1444,1.3149,0.2356,1.344
6.882000,0.1310,0.7924,0.1208,0.812
6.894000,0.0919,0.7958,0.0268,0.802
6.896000,0.0138,0.9826,-0.0816,0.986
6.899000,-0.0751,1.4770,-0.0220,1.479
6.901000,0.0021,0.5563,-0.0179,0.557
6.968000,-0.0451,0.6960,0.4294,0.819
6.969000,0.1300,1.6467,0.0075,1.652
6.969000,0.0841,0.5233,0.2382,0.581
6.970000,-0.0163,1.1042,0.5124,1.217
6.970000,0.1363,0.9863,0.3139,1.044
6.970000,0.1908,1.3034,0.0942,1.321
6.971000,0.1381,1.1682,0.0353,1.177
6.971000,0.0765,1.0869,0.1582,1.101
6.971000,0.0812,1.1289,-0.0091,1.132
6.971000,0.0707,0.8095,-0.0111,0.813
6.971000,0.0096,0.9653,0.1518,0.977
6.972000,0.0057,1.2487,0.4057,1.313
6.972000,0.0338,0.9304,-0.0123,0.931
6.972000,0.0382,1.3369,-0.1185,1.343
6.974000,0.0570,0.8483,-0.0208,0.850
6.979000,0.0990,1.6990,-0.1556,1.709
6.984000,0.1036,1.1042,-0.0565,1.110
6.990000,0.0511,0.5700,-0.0318,0.573
6.995000,0.0299,1.0837,-0.0238,1.084
6.999000,0.1119,1.4851,0.0239,1.489
7.008000,0.0875,0.7199,-0.0699,0.729
7.009000,0.1808,1.2578,0.3691,1.323
7.013000,0.1112,0.8735,0.2238,0.909
7.018000,0.0968,1.1862,0.3491,1.240
7.046000,0.0987,0.6667,0.2675,0.725
7.046000,0.1405,0.7211,0.0551,0.737
7.047000,0.1398,1.3779,0.1970,1.399
7.047000,0.0401,0.5788,0.2241,0.622
7.047000,0.1205,1.1237,0.2336,1.154
7.048000,0.0812,0.8705,0.0895,0.879
7.053000,0.0248,0.7353,0.3203,0.802
7.058000,0.0882,1.4997,0.1059,1.506
7.063000,0.0648,1.4993,-0.1705,1.510
7.068000,-0.0148,0.5289,-0.1009,0.539
7.073000,-0.0087,1.2260,-0.0374,1.227
7.078000,0.0003,1.1442,-0.0089,1.144
7.083000,0.0028,0.5746,-0.0467,0.577
7.092000,-0.0189,0.3192,0.0046,0.320
7.093000,0.0550,1.6404,-0.0909,1.644
7.097000,0.1359,1.1579,-0.1436,1.175
7.103000,0.1009,0.6779,0.1203,0.696
7.107000,0.1012,0.7177,0.0356,0.726
7.111000,-0.0500,0.5697,-0.0067,0.572
7.116000,-0.2963,1.4382,0.5889,1.582
7.147000,-0.0292,1.5395,0.6792,1.683
7.149000,0.0609,0.5363,0.3921,0.667
7.149000,0.0221,0.2027,-0.0052,0.204
7.149000,0.2140,1.4363,0.1340,1.458
7.150000,0.2365,1.3479,-0.0223,1.369
7.150000,0.1876,0.2504,0.0690,0.320
7.151000,0.2201,1.1325,-0.0926,1.157
7.156000,0.7138,1.7371,0.0429,1.879
7.161000,0.1107,0.3966,-0.0089,0.412
7.166000,0.0946,0.6107,0.0300,0.619
7.175000,0.1945,1.8719,0.2287,1.896
7.176000,0.0726,0.6146,-0.0125,0.619
7.180000,0.0133,0.2132,0.0129,0.214
7.185000,0.1146,1.0637,-0.0836,1.073
7.190000,0.2072,1.3115,-0.0455,1.329
7.195000,0.3576,1.4011,-0.0125,1.446
7.200000,0.0277,0.7658,0.2946,0.821
7.210000,-0.0856,1.4148,0.4218,1.479
7.211000,-0.0187,0.8009,0.1303,0.812
7.218000,-0.0014,0.3578,0.1010,0.372
7.220000,-0.0651,1.5950,-0.1856,1.607
7.263000,-0.2468,1.3122,0.3869,1.390
7.264000,-0.0358,0.7995,0.2898,0.851
7.264000,-0.0895,0.7526,0.0690,0.761
7.264000,0.0294,1.3813,0.2617,1.406
7.265000,0.0533,1.0842,-0.0743,1.088
7.265000,0.0365,0.5057,-0.1190,0.521
7.266000,0.1537,1.4214,-0.0076,1.430
7.266000,0.2133,1.5666,-0.0748,1.583
7.267000,0.0465,0.4557,-0.0213,0.459
7.268000,0.0047,0.2589,0.1347,0.292
7.277000,0.2308,1.4353,0.0046,1.454
7.278000,0.2294,1.2763,0.0292,1.297
7.283000,0.4774,0.7743,0.0063,0.910
7.291000,0.0812,0.0728,0.0390,0.116
7.293000,0.0314,1.3398,0.7695,1.545
7.298000,0.1595,1.2509,0.4775,1.348
7.303000,0.0555,0.6142,0.2326,0.659
7.309000,-0.0163,0.9987,0.0510,1.000
7.313000,-0.0380,1.1721,-0.0628,1.174
7.317000,-0.0382,1.0593,0.3305,1.110
7.357000,-0.1518,1.0935,0.2021,1.122
7.358000,-0.0463,0.7714,-0.0035,0.773
7.358000,-0.0346,0.7604,-0.0115,0.761
7.359000,0.0323,0.7084,-0.0462,0.711
7.359000,0.1893,1.9300,-0.1055,1.942
7.360000,0.0169,0.5499,0.0392,0.552
7.360000,-0.0040,0.3412,-0.0264,0.342
7.361000,0.1979,1.2600,-0.0858,1.278
7.361000,0.2335,1.4734,0.0969,1.495
7.366000,0.2286,1.1899,0.2492,1.237
7.371000,0.1241,0.2897,-0.0120,0.315
7.377000,0.0804,0.8051,0.2754,0.855
7.381000,0.1915,1.1767,0.2712,1.223
7.386000,0.1344,1.0236,0.1005,1.037
7.392000,0.0445,0.7484,0.1586,0.766
7.396000,0.1754,1.0842,0.0002,1.098
7.401000,0.0426,0.8129,0.1347,0.825
7.409000,0.0799,0.9609,0.0944,0.969
7.412000,0.1051,1.7080,-0.0784,1.713
7.415000,0.0309,0.4855,-0.0079,0.487
7.420000,0.0983,1.0402,-0.1173,1.051
7.462000,0.0389,1.2717,0.0051,1.272
7.462000,-0.0121,0.3810,-0.0152,0.381
7.463000,-0.0485,1.4055,-0.1439,1.414
7.463000,-0.0656,1.1857,-0.0289,1.188
7.464000,-0.0019,1.2597,-0.0999,1.264
7.464000,0.0174,0.4176,0.0585,0.422
7.464000,0.0260,1.6191,0.4062,1.670
7.465000,0.1725,1.4609,0.3459,1.511
7.465000,0.0755,0.3986,0.2282,0.465
7.469000,0.1505,1.0952,0.1235,1.112
7.476000,0.1381,1.1318,0.2258,1.162
7.479000,0.0301,0.6515,0.1755,0.675
7.484000,0.1134,0.8468,0.0095,0.854
7.496000,0.1346,1.3572,-0.1502,1.372
7.496000,0.1786,1.0566,-0.0535,1.073
7.498000,0.1595,1.2536,-0.0284,1.264
7.503000,0.1122,1.1550,0.0073,1.160
7.512000,0.0069,0.3785,0.0156,0.379
7.515000,0.0729,1.2424,-0.0987,1.248
7.518000,0.0223,1.4719,0.0563,1.473
7.571000,0.0343,1.1513,-0.1146,1.158
7.572000,-0.0072,0.2420,0.0241,0.243
7.572000,-0.1310,1.5806,0.9214,1.834
7.572000,0.0294,0.8656,0.1354,0.877
7.573000,0.0846,0.5949,0.2951,0.669
7.573000,-0.0084,1.0598,0.5403,1.190
7.573000,0.2350,1.8958,0.4167,1.955
7.574000,0.0943,0.7006,0.0229,0.707
7.574000,0.0406,0.5810,0.0549,0.585
7.574000,0.0626,1.0808,-0.0023,1.083
7.574000,0.1002,1.1430,0.2236,1.169
7.577000,0.1395,1.1020,-0.0477,1.112
7.582000,0.0128,0.4042,0.0429,0.407
7.586000,0.0555,0.8859,0.0158,0.888
7.596000,0.1559,1.3557,-0.1402,1.372
7.597000,0.1395,1.4057,-0.1573,1.421
7.602000,0.0580,0.3890,0.0463,0.396
7.612000,0.1324,0.7655,0.1186,0.786
7.613000,0.1300,1.8494,0.4502,1.908
7.616000,0.0714,1.0612,0.4377,1.150
7.620000,0.0582,0.5238,0.1723,0.554
7.676000,0.1532,1.4441,-0.1026,1.456
7.677000,-0.0031,0.8989,0.3567,0.967
7.677000,0.0677,0.9567,-0.0035,0.959
7.677000,0.0370,0.7504,-0.0247,0.752
7.677000,0.0567,0.6530,0.0170,0.656
7.678000,0.0465,1.5718,-0.0259,1.573
7.678000,0.0484,0.6881,-0.0645,0.693
7.678000,-0.0004,0.5514,0.0051,0.551
7.679000,0.0150,1.2895,-0.0306,1.290
7.679000,0.0624,1.4560,-0.1095,1.461
7.679000,0.0404,0.4559,-0.0411,0.460
7.680000,0.0423,1.3515,0.0395,1.353
7.685000,0.0694,0.7760,0.2346,0.814
7.689000,0.1971,1.2666,0.2041,1.298
7.694000,0.1261,1.5894,0.0881,1.597
7.699000,0.1737,1.1528,0.0864,1.169
7.704000,0.1432,0.7045,0.0546,0.721
7.709000,0.1175,0.9977,0.2983,1.048
7.714000,0.1031,0.9228,0.0580,0.930
7.719000,0.2152,1.5278,0.0268,1.543
7.767000,0.1053,0.8979,-0.0516,0.906
7.768000,0.0108,0.2240,0.1101,0.250
7.768000,0.0675,1.2439,-0.0653,1.247
7.768000,0.1056,1.9949,-0.0272,1.998
7.769000,0.0209,0.4557,0.0373,0.458
7.769000,-0.0468,0.9094,0.5325,1.055
7.769000,0.0445,0.8432,0.1845,0.864
7.770000,0.0858,1.0537,0.2126,1.078
7.770000,-0.0692,0.9767,0.3064,1.026
7.770000,0.0091,0.7597,-0.0631,0.762
7.773000,0.0741,1.3161,-0.0662,1.320
7.778000,0.0343,1.0156,-0.0374,1.017
7.782000,0.0206,0.9880,0.0290,0.989
7.787000,0.1175,1.2942,0.0029,1.299
7.793000,0.0961,1.0263,0.0204,1.031
7.797000,0.0228,0.3028,0.0876,0.316
7.802000,0.1512,1.2216,-0.0872,1.234
7.842000,0.2648,2.0516,-0.0819,2.070
7.843000,0.0514,0.4916,0.0427,0.496
7.844000,0.0470,0.4679,0.1745,0.502
7.844000,0.1332,1.0532,0.1787,1.076
7.844000,0.2094,1.2346,0.2163,1.271
7.844000,0.0416,0.7065,0.3542,0.791
7.845000,0.1632,1.1389,0.0764,1.153
7.845000,0.1029,0.9850,0.1865,1.008
7.847000,0.1095,1.2329,-0.1112,1.243
7.851000,0.0746,0.8332,-0.0902,0.841
7.856000,0.1075,1.2299,-0.0784,1.237
7.861000,-0.0414,1.1193,0.1848,1.135
7.866000,-0.0700,0.7301,0.0026,0.733
7.871000,-0.0192,0.9623,-0.0272,0.963
7.876000,0.0633,1.7959,-0.0074,1.797
7.881000,0.0292,0.5958,0.0112,0.597
7.886000,0.0043,1.1425,0.5806,1.282
7.895000,0.1139,0.9741,0.1127,0.987
7.896000,0.1512,1.0600,0.0197,1.071
7.900000,0.1088,1.3567,0.1723,1.372
7.904000,0.0404,0.6417,0.2277,0.682
7.953000,0.2438,1.4411,-0.0980,1.465
7.954000,3.0688,3.9524,0.4057,5.020
7.955000,0.2479,0.1834,0.1904,0.362
7.955000,0.0050,0.0047,-0.0269,0.028
7.956000,-0.0016,-0.0014,-0.0218,0.022
7.956000,0.1820,-0.1933,0.0143,0.266
7.956000,0.0130,-0.0177,0.0353,0.042
7.957000,-0.0324,0.0081,0.0214,0.040
7.957000,-1.3550,2.6275,0.0263,2.956
7.958000,-0.1798,0.8197,0.3181,0.897
7.959000,-0.0331,0.3192,0.1799,0.368
7.963000,-0.0058,0.0899,0.0646,0.111
7.969000,-0.8711,3.5996,1.8502,4.140
7.974000,-0.1725,0.2467,1.0198,1.063
7.978000,-0.1007,0.7731,0.0307,0.780
7.983000,0.0033,0.0614,0.0060,0.062
7.988000,0.3073,1.2431,-0.2320,1.301
7.994000,0.7460,0.6471,-0.0050,0.988
7.998000,0.4616,0.5961,0.0104,0.754
8.002000,0.5754,0.5941,-0.0418,0.828
8.023000,0.6989,1.0527,-0.0792,1.266
8.023000,0.6657,0.8693,0.0598,1.097
8.024000,0.4730,0.6718,0.0048,0.822
8.024000,0.0990,0.1126,0.0068,0.150
8.028000,0.8217,1.0073,-0.1156,1.305
8.032000,0.6982,0.9719,-0.2345,1.219
8.037000,0.6115,0.9487,-0.1300,1.136
8.042000,0.0799,2.8861,-0.2665,2.899
8.047000,-0.6650,0.5402,-0.0364,0.858
8.051000,-0.1979,0.2113,-0.0174,0.290
8.058000,-0.7827,1.8924,0.2399,2.062
8.062000,-2.2474,1.8648,-0.2323,2.930
8.066000,-0.2934,0.8349,-0.2127,0.910
8.071000,-0.1000,0.2606,-0.0716,0.288
8.076000,-0.0973,0.3954,-0.0032,0.407
8.081000,-0.3032,2.1627,0.0134,2.184
8.086000,-0.0507,0.9343,-0.1034,0.941
8.091000,-0.0084,0.3016,-0.0360,0.304
8.096000,0.1752,1.6274,-0.0010,1.637
8.104000,0.3620,1.0981,-0.0286,1.157
8.112000,0.6769,0.4965,-0.0489,0.841
8.114000,0.3451,0.5248,-0.1075,0.637
8.115000,0.8791,1.3227,-0.2054,1.601
8.120000,0.6623,1.0837,-0.2848,1.302
8.174000,0.0489,0.2689,-0.0360,0.276
8.175000,0.0399,0.8627,0.0297,0.864
8.175000,-0.1733,2.2420,-0.2059,2.258
8.176000,-0.0963,0.4323,0.0007,0.443
8.177000,-0.2082,1.0266,-0.0186,1.048
8.177000,-0.1462,0.4757,-0.0394,0.499
8.177000,-0.4826,1.2871,-0.0816,1.377
8.178000,-0.3693,1.5176,-0.0604,1.563
8.178000,-0.1391,0.8598,0.0187,0.871
8.178000,0.1139,1.3230,-0.0428,1.329
8.179000,0.1151,1.2126,-0.0985,1.222
8.179000,0.1222,0.5971,-0.0455,0.611
8.184000,0.9997,1.0068,-0.1085,1.423
8.189000,0.1759,0.4650,0.0427,0.499
8.194000,0.2997,1.4861,-0.0506,1.517
8.199000,0.2531,1.2807,-0.0731,1.308
8.203000,0.0882,0.4979,0.0302,0.507
8.210000,0.0272,0.5328,0.0280,0.534
8.213000,0.2865,1.9422,-0.3407,1.993
8.218000,0.2977,1.9114,-0.0697,1.936
8.249000,0.0287,0.5751,0.0329,0.577
8.250000,-0.0048,0.7528,-0.0296,0.753
8.250000,0.0043,1.1083,-0.0225,1.109
8.251000,-0.0238,0.9758,-0.0030,0.976
8.251000,0.0995,1.3843,-0.0921,1.391
8.251000,0.0411,0.7526,0.0156,0.754
8.253000,0.1114,1.1379,-0.1012,1.148
8.258000,0.0968,0.3697,-0.0926,0.393
8.262000,0.3126,0.3192,0.1479,0.471
8.267000,0.1569,1.4900,0.6653,1.639
8.272000,0.1210,0.9941,1.8351,2.091
8.277000,0.0550,0.7040,0.1486,0.722
8.282000,-0.0353,1.2553,0.4721,1.342
8.287000,-0.0639,0.9089,0.2741,0.951
8.296000,0.0277,1.1274,0.3674,1.186
8.297000,-0.1454,1.0537,0.4553,1.157
8.302000,-0.2970,1.3916,0.7024,1.587
8.330000,-0.1239,0.6117,0.2890,0.688
8.331000,-0.0038,0.0228,0.0488,0.054
8.331000,-0.0097,0.1837,0.0446,0.189
8.332000,0.2911,2.2244,0.4978,2.298
8.332000,0.1520,0.9755,0.5390,1.125
8.333000,0.0143,0.1839,0.0253,0.186
8.336000,0.1224,0.5653,0.1608,0.600
8.341000,0.3380,2.2230,-0.0977,2.251
8.346000,0.2145,0.9064,-0.0672,0.934
8.351000,0.0409,0.2030,-0.0120,0.207
8.356000,0.1464,0.8598,-0.0225,0.872
8.361000,0.4645,1.3254,-0.0350,1.405
8.365000,0.2728,1.2927,-0.1688,1.332
8.370000,0.0218,0.4235,0.0571,0.428
8.377000,0.0685,0.8537,-0.0716,0.859
8.381000,0.1019,1.9248,-0.1353,1.932
8.386000,0.0057,0.8881,0.0341,0.889
8.395000,-0.0060,0.1346,-0.0101,0.135
8.395000,-0.1388,1.2324,-0.1493,1.249
8.399000,-0.2065,1.8015,-0.0316,1.814
8.404000,-0.0512,0.5912,-0.0130,0.594
8.427000,-0.0031,0.5780,-0.0084,0.578
8.428000,0.0721,1.3008,-0.0367,1.303
8.428000,0.0790,0.9804,-0.0364,0.984
8.429000,0.1793,1.3716,-0.2081,1.399
8.429000,0.0438,0.4489,0.4895,0.666
8.434000,0.0902,1.2177,0.1069,1.226
8.439000,0.2440,1.7920,-0.0501,1.809
8.444000,0.1403,0.6796,0.2807,0.749
8.449000,0.0780,0.3712,0.1987,0.428
8.453000,0.0831,1.0146,0.5788,1.171
8.459000,0.1459,0.9775,0.5166,1.115
8.463000,0.1395,0.9098,-0.0904,0.925
8.468000,0.1512,0.8432,-0.1439,0.869
8.473000,0.0646,1.0812,0.4023,1.155
8.478000,0.1832,1.5518,0.1196,1.567
8.483000,0.0680,0.7697,-0.0472,0.774
8.488000,-0.0258,0.3339,0.2871,0.441
8.496000,-0.0304,1.3247,-0.0528,1.326
8.497000,0.0169,1.7993,0.0466,1.800
8.502000,-0.0485,0.6010,0.6897,0.916
8.529000,-0.0045,0.2613,0.0275,0.263
8.529000,0.0714,1.1499,-0.0050,1.152
8.530000,0.1818,2.1551,-0.1861,2.171
8.530000,0.0189,0.5180,-0.0601,0.522
8.531000,0.0653,0.5790,-0.0208,0.583
8.532000,0.0951,1.0893,0.0243,1.094
8.537000,0.1866,1.5005,-0.1441,1.519
8.541000,0.0604,0.3986,0.0180,0.404
8.547000,-0.0145,0.5062,0.3293,0.604
8.552000,0.0992,1.7967,-0.1539,1.806
8.556000,-0.0512,0.7680,0.0993,0.776
8.561000,-0.0324,0.5028,0.3762,0.629
8.566000,-0.0590,0.6085,0.1879,0.640
8.572000,-0.0758,1.3908,0.2553,1.416
8.578000,-0.0077,0.8295,-0.0301,0.830
8.581000,0.0394,0.7499,-0.0184,0.751
8.587000,0.1532,1.1513,0.3037,1.201
8.600000,0.1388,1.2441,-0.0435,1.253
8.602000,0.1742,1.0488,-0.0211,1.063
8.603000,0.0675,0.2897,0.0766,0.307
8.605000,0.3185,1.2934,0.3659,1.381
8.640000,0.7512,1.4712,0.0661,1.653
8.641000,0.0926,0.5766,0.4175,0.718
8.641000,0.0414,0.3907,0.2373,0.459
8.641000,0.1219,1.5854,0.1694,1.599
8.642000,0.1337,1.6472,-0.1480,1.659
8.642000,0.0157,0.4950,-0.0831,0.502
8.642000,-0.0104,0.4779,-0.0218,0.479
8.645000,-0.0607,1.6873,-0.1119,1.692
8.649000,-0.0189,1.1887,-0.0279,1.189
8.655000,-0.0565,0.3700,0.0444,0.377
8.660000,-0.1581,1.0556,0.1486,1.078
8.665000,-0.0849,1.7857,0.0910,1.790
8.669000,0.0345,0.3837,0.3872,0.546
8.675000,0.0245,0.7455,-0.0010,0.746
8.679000,0.1429,1.2429,0.1984,1.267
8.684000,0.1097,1.1306,-0.1500,1.146
8.689000,0.1373,0.9011,-0.0198,0.912
8.694000,0.1656,0.9699,-0.0574,0.986
8.699000,0.2477,1.4675,0.2168,1.504
8.703000,0.2096,1.1008,-0.0755,1.123
8.716000,0.0277,0.2552,0.0007,0.257
8.717000,0.1361,1.1787,-0.1620,1.198
8.718000,0.1849,1.1877,-0.0809,1.205
8.723000,-0.0138,0.7160,0.8399,1.104
8.769000,0.0157,0.3993,0.1479,0.426
8.770000,0.1332,0.9318,0.4490,1.043
8.770000,0.1542,1.8824,-0.0328,1.889
8.771000,0.0411,0.7585,-0.0128,0.760
8.771000,-0.0265,0.3978,0.2927,0.495
8.772000,0.0274,1.5098,-0.0321,1.510
8.772000,0.0104,1.1416,-0.0626,1.143
8.772000,-0.0458,0.2135,0.0554,0.225
8.772000,-0.0346,1.1445,-0.0841,1.148
8.773000,0.0077,1.6245,0.3488,1.662
8.780000,-0.0036,0.4269,0.1489,0.452
8.781000,0.0560,0.5067,0.0097,0.510
8.787000,0.1666,1.4556,0.0036,1.465
8.794000,0.0836,1.4673,-0.1656,1.479
8.796000,0.1051,0.7821,-0.0333,0.790
8.801000,0.0946,0.3815,0.1411,0.418
8.806000,0.2687,1.6653,0.1267,1.692
8.812000,0.1058,0.7682,-0.0614,0.778
8.816000,0.0445,0.5573,-0.0452,0.561
8.821000,0.1979,1.5867,-0.0741,1.601
8.826000,0.0567,1.5058,0.9807,1.798
8.831000,0.0099,0.5802,0.4089,0.710
8.835000,0.1107,1.0507,-0.0596,1.058
8.864000,0.6279,0.8771,0.0307,1.079
8.864000,0.1268,0.2154,-0.0408,0.253
8.865000,0.0289,0.0677,0.0405,0.084
8.865000,-0.0158,2.8060,-0.1434,2.810
8.866000,0.0001,1.5212,0.0146,1.521
8.866000,-0.1176,0.7731,0.1083,0.789
8.870000,-0.0981,0.5009,0.1477,0.531
8.876000,-0.2675,1.3816,0.0314,1.408
8.879000,-0.7551,2.8522,0.9043,3.086
8.885000,-0.0373,0.1598,0.1413,0.217
8.889000,-0.0014,0.3441,0.1479,0.375
8.894000,0.0802,0.7399,-0.0946,0.750
8.899000,0.3161,1.6902,-0.1075,1.723
8.904000,1.5730,1.5161,-0.2538,2.199
8.915000,0.2201,0.8451,-0.1500,0.886
8.917000,0.0443,0.1739,0.0126,0.180
8.919000,0.1144,0.7734,-0.0477,0.783
8.967000,0.2592,1.8594,-0.0941,1.880
8.968000,-0.1249,0.4196,1.2952,1.367
8.968000,0.0663,0.5792,0.0729,0.588
8.969000,0.0445,1.1567,0.7710,1.391
8.969000,0.0887,1.3926,-0.0814,1.398
8.969000,0.0121,1.1311,-0.2201,1.152
8.970000,0.0077,0.4867,0.0803,0.493
8.970000,0.0362,1.6489,-0.1134,1.653
8.971000,-0.0590,0.7467,0.3449,0.825
8.971000,-0.1498,0.7519,0.2324,0.801
8.973000,-0.0990,1.7901,-0.0423,1.793
8.980000,0.0548,0.9946,0.3288,1.049
8.982000,0.0397,0.5053,0.0549,0.510
8.988000,0.1490,1.4824,0.0793,1.492
8.993000,0.1652,1.0632,-0.0941,1.080
8.997000,0.0260,0.6740,-0.1292,0.687
9.002000,0.0951,0.4918,0.0353,0.502
9.007000,0.3363,1.7363,-0.1493,1.775
9.015000,0.0428,0.8332,0.0287,0.835
9.017000,-0.0790,0.5651,1.3582,1.473
9.022000,0.1476,0.8346,-0.1107,0.855
9.055000,0.3505,2.0367,-0.0350,2.067
9.056000,0.1681,0.3136,0.9214,0.988
9.056000,0.0094,0.2657,-0.0096,0.266
9.057000,0.3717,2.2689,0.0055,2.299
9.057000,0.2181,1.3657,-0.1383,1.390
9.057000,0.0487,0.3407,-0.0189,0.345
9.058000,0.2731,1.3847,-0.0035,1.411
9.061000,0.1312,0.4989,0.0217,0.516
9.065000,0.0560,0.7968,0.2526,0.838
9.070000,0.1512,0.9863,-0.1612,1.011
9.075000,0.0799,1.1586,0.1267,1.168
9.081000,0.0367,0.3104,0.0449,0.316
9.085000,0.0243,0.6632,-0.1170,0.674
9.090000,-0.0365,2.2300,-0.0626,2.231
9.095000,-0.0465,0.8302,0.1484,0.845
9.100000,-0.0526,0.2948,0.0192,0.300
9.105000,-0.0377,0.1373,0.0458,0.150
9.116000,-0.2729,1.3618,-0.0531,1.390
9.119000,-0.2436,1.1975,0.5508,1.340
9.122000,-0.0739,0.4464,0.0290,0.453
9.156000,0.0277,0.9863,0.0158,0.987
9.157000,0.2328,1.2697,0.4192,1.357
9.157000,0.1327,0.9128,0.7444,1.185
9.157000,0.1251,1.0427,-0.0499,1.051
9.158000,2.1983,1.2983,-0.1910,2.560
9.158000,3.2741,1.6064,-0.3253,3.661
9.159000,1.8812,0.7565,-0.3644,2.060
9.160000,0.9238,0.0157,-0.0394,0.925
9.163000,0.4545,-0.0177,0.0495,0.458
9.168000,0.9587,-0.0050,0.0837,0.962
9.173000,1.3533,1.8020,-0.0482,2.254
9.178000,1.7886,1.7261,1.7792,3.057
9.183000,1.1723,1.0715,0.8660,1.809
9.188000,1.2075,0.5001,0.1086,1.311
9.197000,0.6996,2.9921,-0.7687,3.167
9.200000,0.5863,1.0683,-0.3519,1.268
9.202000,0.7814,-0.0041,-0.0816,0.786
9.207000,0.5968,0.0462,-0.0003,0.599
9.235000,1.1799,1.8970,-0.5179,2.293
9.236000,1.2153,1.1516,-0.3373,1.708
9.237000,0.9343,0.7787,-0.3360,1.262
9.237000,0.5378,0.1432,-0.1510,0.577
9.237000,0.5954,0.8979,-0.2677,1.110
9.238000,0.6823,1.8118,-0.5404,2.010
9.248000,0.5238,0.8593,-0.3395,1.062
9.249000,0.3285,0.9506,-0.3939,1.080
9.252000,0.5141,0.8129,-0.2547,0.995
9.257000,0.3419,0.8757,-0.2691,0.978
9.262000,0.2213,1.4885,-0.3055,1.536
9.266000,0.2430,0.6322,-0.1485,0.693
9.271000,0.3998,0.6522,-0.1185,0.774
9.276000,0.1029,0.9780,-0.5057,1.106
9.282000,0.3080,1.5823,-0.2032,1.625
9.286000,0.2553,1.0163,-0.8332,1.339
9.292000,0.2528,0.9457,-0.7929,1.260
9.298000,0.5778,0.8591,-0.8598,1.346
9.302000,0.5470,0.6330,-0.6412,1.054
9.306000,0.7429,1.4824,-0.3536,1.695
9.316000,0.6230,0.4508,-0.5126,0.924
9.318000,0.8679,1.3750,-0.2489,1.645
9.321000,0.4301,0.6154,-0.5743,0.945
9.370000,0.3786,1.3134,-0.4415,1.436
9.371000,0.5160,0.8078,-0.5656,1.113
9.371000,0.4289,0.6610,-0.4095,0.888
9.371000,0.3512,0.9892,-0.2149,1.071
9.372000,0.0760,0.8302,-0.5250,0.985
9.372000,-0.1108,0.8595,-0.4557,0.979
9.372000,0.0184,0.9460,-0.3253,1.001
9.373000,1.1406,1.3191,0.0202,1.744
9.373000,0.4027,0.7616,-0.0648,0.864
9.373000,0.8024,1.0751,0.0998,1.345
9.374000,0.3070,0.6601,0.0346,0.729
9.382000,0.0616,0.8324,-0.1209,0.843
9.384000,0.0524,0.8713,-0.1082,0.880
9.389000,0.1129,1.2758,0.0729,1.283
9.396000,0.0233,1.4375,0.0178,1.438
9.399000,0.0299,0.8566,-0.1143,0.865
9.404000,0.0362,1.0268,-0.0614,1.029
9.413000,0.0108,1.0783,-0.0208,1.079
9.414000,0.0172,1.0095,-0.0521,1.011
9.419000,1.3940,0.9089,0.0834,1.666
9.423000,1.3606,0.7646,0.2158,1.576
9.428000,0.6855,0.9008,-0.0662,1.134
9.433000,0.2323,1.4375,0.5537,1.558
9.438000,0.1864,0.9179,0.0263,0.937
9.466000,0.5131,0.6442,0.0881,0.828
9.466000,0.4716,0.9897,0.5227,1.215
9.467000,0.1373,1.0073,0.4043,1.094
9.467000,0.3429,0.8989,0.1472,0.973
9.468000,0.3895,0.9225,0.1313,1.010
9.468000,0.2052,1.1262,0.1672,1.157
9.472000,0.1327,1.1455,0.0063,1.153
9.479000,0.1554,0.9982,-0.0443,1.011
9.482000,0.4340,0.9592,0.0327,1.053
9.486000,0.4652,1.0385,0.0815,1.141
9.493000,0.3810,0.9828,0.0307,1.055
9.497000,0.3134,0.9477,0.0099,0.998
9.501000,0.2565,1.0073,0.0043,1.039
9.507000,0.2382,0.9863,0.0121,1.015
9.517000,0.2418,0.9963,0.0034,1.025
9.518000,0.2750,1.0031,-0.0321,1.041
9.524000,0.2694,0.9855,-0.0313,1.022
9.574000,0.1730,1.0436,0.2876,1.096
9.575000,0.1346,0.9858,0.0021,0.995
9.576000,0.1285,0.9567,-0.0345,0.966
9.576000,0.1319,0.9714,-0.0406,0.981
9.576000,0.1283,0.9599,-0.0386,0.969
9.577000,0.1283,0.9780,-0.0404,0.987
9.577000,0.1246,0.9777,-0.0384,0.986
9.577000,0.1246,0.9792,-0.0364,0.988
9.578000,0.1229,0.9614,-0.0413,0.970
9.578000,0.0707,1.0290,-0.0550,1.033
9.578000,-0.0622,1.0021,-0.0738,1.007
9.580000,-0.1684,1.0458,0.2084,1.080
9.584000,-0.1496,0.9609,0.2060,0.994
9.590000,-0.0668,0.9545,0.0856,0.961
9.594000,0.0135,0.9882,0.0402,0.989
9.600000,0.0812,0.9955,0.1118,1.005
9.605000,0.1591,1.0737,0.3962,1.155
9.615000,0.1427,1.0344,0.3554,1.103
9.616000,0.1454,0.9638,0.1691,0.989
9.619000,0.1329,0.9313,0.1035,0.946
9.623000,0.1393,0.9379,0.1843,0.966
9.658000,0.1549,0.9846,0.2839,1.036
9.659000,0.1547,0.9863,0.3108,1.046
9.659000,0.3168,0.9545,0.2519,1.037
9.659000,0.4677,0.8788,0.2631,1.030
9.660000,0.3141,0.9850,0.2995,1.076
9.660000,0.2128,0.9975,0.2837,1.059
9.660000,0.2719,0.9106,0.3029,0.997
9.663000,0.1837,0.9440,0.3332,1.018
9.668000,0.1434,0.9645,0.3342,1.031
9.673000,0.1708,0.9467,0.3081,1.010
9.678000,0.1801,0.9472,0.2666,1.000
9.683000,0.1852,0.9601,0.2290,1.004
9.687000,0.1920,0.9716,0.1972,1.010
9.693000,0.1915,0.9811,0.1379,1.009
9.698000,0.1566,1.0368,0.0505,1.050
9.702000,0.1075,1.0810,-0.0303,1.087
9.707000,0.1327,1.0822,-0.0443,1.091
9.713000,0.1251,0.9487,0.0278,0.957
9.717000,0.1239,1.0197,-0.0399,1.028
9.722000,0.1256,1.0143,-0.0726,1.025
9.734000,0.1222,0.9955,-0.0347,1.004
9.735000,0.1175,0.9833,-0.0401,0.991
9.738000,0.1173,0.9887,-0.0316,0.996
9.741000,0.1217,0.9982,-0.0238,1.006
9.788000,0.1188,0.9936,-0.0291,1.001
9.789000,0.1239,1.0036,-0.0238,1.011
9.790000,0.1202,1.0121,-0.0294,1.020
9.790000,0.1161,1.0117,-0.0399,1.019
9.790000,0.1117,0.9958,-0.0259,1.002
9.791000,0.5329,0.8324,-0.1036,0.994
9.791000,0.3842,0.9347,-0.0494,1.012
9.791000,0.2701,1.0434,-0.0494,1.079
9.792000,0.1761,1.0136,-0.0382,1.030
9.792000,0.2101,0.9694,-0.0360,0.993
9.796000,0.2220,0.9601,-0.0259,0.986
9.801000,0.2030,0.9894,-0.0201,1.010
9.805000,0.1844,1.0046,-0.0052,1.021
9.814000,0.1852,1.0329,-0.0357,1.050
9.817000,0.1940,0.9787,-0.0401,0.999
9.819000,0.1539,0.9638,-0.0372,0.977
9.824000,0.1403,0.9811,-0.0279,0.992
9.847000,0.1410,0.9792,-0.0081,0.989
9.848000,0.1444,0.9770,-0.0169,0.988
9.848000,0.1354,0.9841,-0.0245,0.994
9.848000,0.0875,1.0263,-0.4540,1.126
9.849000,0.1215,0.9269,-0.0885,0.939
9.854000,0.1305,1.0041,-0.0140,1.013
9.859000,0.1334,0.9767,-0.0196,0.986
9.864000,0.2135,0.9658,-0.0457,0.990
9.870000,0.1429,1.0014,-0.2347,1.038
9.874000,0.1444,0.9868,-0.0150,0.997
9.878000,0.1715,0.9470,-0.1236,0.970
9.884000,0.2184,0.9853,-0.1231,1.017
9.888000,0.2245,0.9775,-0.0831,1.006
9.895000,0.1991,0.9741,-0.0863,0.998
9.899000,0.1896,0.9892,-0.0831,1.011
9.904000,0.1952,0.9819,-0.0758,1.004
9.909000,0.1940,0.9828,-0.0699,1.004
9.914000,0.1864,0.9865,-0.0650,1.006
9.918000,0.1981,0.9853,-0.0699,1.007
9.923000,0.2069,0.9843,-0.0721,1.008
9.940000,0.2196,0.9828,-0.0909,1.011
9.942000,0.2291,0.9814,-0.0958,1.012
9.943000,0.2340,0.9814,-0.1053,1.014
9.944000,0.2523,0.8652,-0.5126,1.037
10.002000,0.1153,1.1359,-0.5663,1.274
10.004000,0.0890,0.9975,-0.3165,1.050
10.004000,0.2474,0.8263,-0.2542,0.899
10.004000,0.2301,0.9645,-0.2354,1.019
10.005000,0.1715,1.0170,-0.2310,1.057
10.005000,0.2167,1.0065,-0.1453,1.040
10.005000,0.2255,0.9828,-0.0364,1.009
10.006000,0.2262,0.9614,-0.0067,0.988
10.006000,0.1947,0.9902,-0.0345,1.010
10.006000,0.1849,0.9999,-0.0071,1.017
10.007000,0.1781,0.9860,-0.0196,1.002
10.007000,0.1793,0.9838,-0.0636,1.002
10.007000,0.1788,0.9870,-0.0731,1.006
10.011000,0.1901,0.9868,-0.0892,1.009
10.016000,0.1905,0.9931,-0.0924,1.015
10.021000,0.2184,0.9868,-0.0784,1.014
10.026000,0.2269,0.9833,-0.0736,1.012
10.032000,0.2076,0.9833,-0.0848,1.009
10.038000,0.1932,0.9911,-0.0872,1.014
10.040000,0.2045,0.9875,-0.0758,1.011
10.071000,0.2198,0.9819,-0.0528,1.008
10.072000,0.2035,0.9733,-0.0821,0.998
10.072000,0.1830,0.9916,-0.0990,1.013
10.072000,0.1827,0.9951,-0.0958,1.016
10.073000,0.1888,0.9868,-0.0711,1.007
10.073000,0.1896,0.9909,-0.0401,1.010
10.075000,0.1898,0.9936,-0.0484,1.013
10.080000,0.1820,0.9843,-0.0618,1.003
10.085000,0.1766,0.9887,-0.0645,1.006
10.089000,0.1735,0.9853,-0.1024,1.006
10.094000,0.1796,0.9838,-0.1251,1.008
10.099000,0.1896,0.9797,-0.1285,1.006
10.104000,0.2001,0.9806,-0.1380,1.010
10.109000,0.2057,0.9831,-0.1451,1.015
10.115000,0.2167,0.9802,-0.1490,1.015
10.118000,0.2213,0.9767,-0.1285,1.010
10.123000,0.2133,0.9806,-0.1178,1.010
10.148000,0.1913,0.9819,-0.0770,1.003
10.149000,0.1805,0.9963,-0.0557,1.014
10.149000,0.1686,0.9909,-0.0364,1.006
10.149000,0.1691,1.0129,-0.0394,1.028
10.150000,0.1622,0.9897,-0.0343,1.003
10.153000,0.1459,0.9872,-0.0279,0.998
10.157000,0.1351,0.9831,-0.0401,0.993
10.163000,0.1346,0.9894,-0.0601,1.000
10.167000,0.1454,0.9955,-0.0633,1.008
10.172000,0.1412,0.9826,-0.0853,0.996
10.178000,0.1268,0.9838,-0.0987,0.997
10.182000,0.1239,0.9841,-0.1070,0.998
10.187000,0.1324,0.9811,-0.0858,0.994
10.192000,0.1332,0.9858,-0.0689,0.997
10.197000,0.1359,0.9907,-0.0411,1.001
10.202000,0.1319,0.9936,-0.0174,1.002
10.207000,0.1246,0.9965,-0.0115,1.004
10.220000,0.1217,0.9970,-0.0137,1.005
10.222000,0.1185,0.9914,-0.0189,0.999
10.223000,0.1241,0.9955,-0.0096,1.003
10.226000,0.1459,0.9894,-0.0108,1.000
10.265000,0.1703,0.9858,-0.0201,1.001
10.265000,0.1678,0.9904,-0.0174,1.005
10.266000,0.1612,0.9931,-0.0130,1.006
10.266000,0.1669,0.9911,-0.0169,1.005
10.266000,0.1720,0.9868,-0.0169,1.002
10.266000,0.1676,0.9885,-0.0167,1.003
10.267000,0.1564,0.9882,-0.0179,1.001
10.267000,0.1476,0.9907,-0.0181,1.002
10.270000,0.1498,0.9863,-0.1507,1.009
10.275000,0.1471,0.9863,-0.0443,0.998
10.280000,0.1759,0.9711,-0.1273,0.995
10.285000,0.1791,0.9973,-0.1048,1.019
10.290000,0.1918,0.9887,-0.0792,1.010
10.295000,0.1854,0.9870,-0.0767,1.007
10.300000,0.1627,0.9943,-0.0555,1.009
10.305000,0.1615,0.9897,-0.0435,1.004
10.310000,0.1600,0.9894,-0.0426,1.003
10.315000,0.1605,0.9931,-0.0445,1.007
10.320000,0.1612,0.9909,-0.0523,1.005
10.325000,0.1671,0.9882,-0.0631,1.004
10.338000,0.1776,0.9890,-0.0699,1.007
10.339000,0.1915,0.9885,-0.0738,1.010
10.340000,0.2076,0.9894,-0.0670,1.013
10.384000,0.2159,0.9904,-0.0609,1.016
10.385000,0.2172,0.9892,-0.0499,1.014
10.385000,0.2089,0.9907,-0.0472,1.014
10.385000,0.1905,0.9899,-0.0460,1.009
10.386000,0.1757,0.9890,-0.0460,1.005
10.386000,0.1556,0.9914,-0.0513,1.005
10.386000,0.1415,0.9894,-0.0543,1.001
10.386000,0.1344,0.9916,-0.0540,1.002
10.387000,0.1368,0.9909,-0.0538,1.002
10.388000,0.1256,0.9785,-0.0382,0.987
10.392000,0.1425,0.9992,-0.0413,1.010
10.398000,0.1556,0.9826,-0.0303,0.995
10.403000,0.1564,0.9936,-0.0369,1.006
10.408000,0.1505,0.9875,-0.0479,1.000
10.418000,0.1520,0.9875,-0.0460,1.000
10.420000,0.1495,0.9892,-0.0538,1.002
10.425000,0.1439,0.9938,-0.0582,1.006
10.427000,0.1388,0.9933,-0.0633,1.005
10.456000,0.1425,0.9946,-0.0557,1.006
10.456000,0.1464,0.9882,-0.0562,1.001
10.457000,0.1561,0.9914,-0.0682,1.006
10.457000,0.1688,0.9909,-0.0755,1.008
10.457000,0.1830,0.9892,-0.0792,1.009
10.458000,0.1940,0.9877,-0.0855,1.010
10.469000,0.2008,0.9880,-0.0911,1.012
10.470000,0.2072,0.9882,-0.0972,1.014
10.471000,0.2118,0.9865,-0.0994,1.014
10.476000,0.2096,0.9865,-0.1002,1.013
10.483000,0.2035,0.9892,-0.0977,1.015
10.486000,0.1903,0.9846,-0.0919,1.007
10.491000,0.1832,0.9877,-0.0911,1.009
10.496000,0.1776,0.9897,-0.0892,1.009
10.501000,0.1671,0.9868,-0.0765,1.004
10.505000,0.1588,0.9914,-0.0657,1.006
10.510000,0.1500,0.9909,-0.0589,1.004
10.523000,0.1476,0.9931,-0.0504,1.005
10.527000,0.1434,0.9943,-0.0448,1.006
10.529000,0.1459,0.9911,-0.0352,1.002
10.531000,0.1505,0.9902,-0.0352,1.002
10.580000,0.1639,0.9948,-0.0506,1.009
10.581000,0.1857,0.9941,-0.0655,1.013
10.581000,0.2050,0.9902,-0.0855,1.015
10.582000,0.2091,0.9882,-0.0950,1.015
10.582000,0.2081,0.9885,-0.0933,1.014
10.582000,0.2018,0.9931,-0.0767,1.016
10.582000,0.1879,0.9919,-0.0550,1.011
10.583000,0.1703,0.9887,-0.0306,1.004
10.583000,0.1532,0.9870,-0.0135,0.999
10.583000,0.1422,0.9863,-0.0125,0.997
10.584000,0.1319,0.9833,-0.0162,0.992
10.589000,0.1266,0.9887,-0.0174,0.997
10.593000,0.1239,0.9907,-0.0299,0.999
10.599000,0.1251,0.9894,-0.0391,0.998
10.604000,0.1395,0.9904,-0.0599,1.002
10.608000,0.1432,0.9916,-0.0638,1.004
10.616000,0.1510,0.9909,-0.0699,1.005
10.618000,0.1630,0.9909,-0.0692,1.007
10.622000,0.1752,0.9899,-0.0589,1.007
10.627000,0.1888,0.9899,-0.0477,1.009
10.652000,0.2013,0.9885,-0.0413,1.010
10.653000,0.2035,0.9863,-0.0382,1.008
10.654000,0.1967,0.9890,-0.0386,1.009
10.654000,0.1849,0.9894,-0.0391,1.007
10.654000,0.1661,0.9872,-0.0469,1.002
10.657000,0.1444,0.9826,-0.0445,0.994
10.664000,0.1329,0.9931,-0.0467,1.003
10.667000,0.1236,0.9911,-0.0587,1.001
10.672000,0.1219,0.9904,-0.0592,1.000
10.676000,0.1305,0.9914,-0.0694,1.002
10.681000,0.1390,0.9904,-0.0743,1.003
10.686000,0.1473,0.9924,-0.0741,1.006
10.691000,0.1683,0.9909,-0.0697,1.008
10.696000,0.1866,0.9914,-0.0670,1.011
10.701000,0.1971,0.9877,-0.0601,1.009
10.706000,0.1998,0.9877,-0.0618,1.010
10.711000,0.1996,0.9894,-0.0601,1.011
10.721000,0.1976,0.9907,-0.0655,1.012
10.722000,0.1974,0.9860,-0.0701,1.008
10.726000,0.1962,0.9863,-0.0777,1.009
10.760000,0.1957,0.9894,-0.0802,1.012
10.762000,0.1896,0.9877,-0.0794,1.009
10.763000,0.1840,0.9890,-0.0770,1.009
10.763000,0.1810,0.9897,-0.0692,1.008
10.764000,0.1781,0.9929,-0.0584,1.010
10.764000,0.1920,1.0024,-0.0753,1.023
10.764000,0.1886,0.9850,-0.1012,1.008
10.765000,0.1874,0.9872,-0.1016,1.010
10.769000,0.1898,0.9831,-0.0853,1.005
10.774000,0.1915,0.9911,-0.0645,1.012
10.780000,0.1891,0.9938,-0.0511,1.013
10.785000,0.1927,0.9919,-0.0367,1.011
10.789000,0.1949,0.9885,-0.0286,1.008
10.794000,0.1942,0.9936,-0.0189,1.013
10.799000,0.1901,0.9968,-0.0118,1.015
10.804000,0.1957,0.9921,-0.0155,1.011
10.809000,0.1905,0.9907,-0.0186,1.009
10.821000,0.1761,0.9924,-0.0184,1.008
10.822000,0.1634,0.9914,-0.0626,1.007
10.825000,0.1488,0.9882,-0.0469,1.000
10.868000,0.1425,0.9887,-0.0775,1.002
10.871000,0.1295,0.9880,-0.0797,1.000
10.871000,0.1122,0.9855,-0.0858,0.996
10.871000,0.1005,0.9821,-0.0921,0.992
10.872000,0.0953,0.9750,-0.0799,0.983
10.872000,0.1024,0.9689,-0.0667,0.977
10.872000,0.1263,0.9433,-0.0435,0.953
10.873000,0.1258,0.9865,-0.0252,0.995
10.873000,0.1127,0.9323,-0.0452,0.940
10.873000,0.1205,0.9975,-0.0284,1.005
10.877000,0.0162,1.0602,-0.0240,1.061
10.883000,-0.0815,1.0273,-0.0682,1.033
10.888000,-0.0221,1.0129,-0.1053,1.019
10.892000,0.0475,1.0002,-0.0645,1.003
10.898000,0.1205,0.9897,-0.0604,0.999
10.902000,0.1478,0.9880,-0.0653,1.001
10.907000,0.1454,0.9824,-0.0594,0.995
10.921000,0.1415,1.0002,-0.0694,1.013
10.922000,0.1351,1.0112,-0.0643,1.022
10.923000,0.1254,1.0121,-0.0433,1.021
10.927000,0.1217,1.0134,-0.0364,1.021
10.975000,0.3771,0.9682,-0.0460,1.040
10.978000,0.3927,0.9230,0.0136,1.003
10.978000,0.2689,1.0397,-0.0247,1.074
10.978000,0.1525,1.0136,-0.0299,1.025
10.978000,0.2150,0.9621,-0.0225,0.986
10.979000,0.2250,0.9929,-0.1908,1.036
10.979000,0.1842,1.0104,-0.0777,1.030
10.979000,0.2208,0.9692,-0.0882,0.998
10.980000,0.2460,0.9802,-0.0880,1.014
10.980000,0.2343,0.9907,-0.0987,1.023
10.989000,0.2181,0.9850,-0.1180,1.016
10.989000,0.2301,0.9843,-0.1119,1.017
10.990000,0.2357,0.9848,-0.1070,1.018
10.995000,0.2306,0.9828,-0.0958,1.014
11.002000,0.2198,0.9838,-0.0955,1.013
11.005000,0.2128,0.9880,-0.0921,1.015
11.010000,0.2137,0.9955,-0.0694,1.021
11.019000,0.2015,0.9858,-0.0679,1.008
11.020000,0.1837,0.9914,-0.0711,1.011
11.024000,0.1642,0.9963,-0.0606,1.012
11.030000,0.1478,0.9921,-0.0247,1.003
11.035000,0.1534,0.9946,-0.0042,1.006
11.039000,0.1495,0.9914,-0.0130,1.003
11.043000,0.1495,0.9892,-0.0167,1.001
11.072000,0.1539,0.9892,-0.0155,1.001
11.073000,0.1573,0.9894,-0.0167,1.002
11.073000,0.1466,0.9880,-0.0174,0.999
11.074000,0.1346,0.9911,-0.0186,1.000
11.074000,0.1290,0.9904,-0.0167,0.999
11.074000,0.1190,0.9887,-0.0836,0.999
11.078000,0.1256,0.9868,-0.0711,0.997
11.086000,0.1354,0.9929,-0.0833,1.006
11.088000,0.1400,0.9858,-0.1007,1.001
11.093000,0.1410,0.9870,-0.0814,1.000
11.099000,0.1539,0.9931,-0.0699,1.007
11.103000,0.1666,0.9894,-0.0614,1.005
11.108000,0.1739,0.9907,-0.0501,1.007
11.113000,0.1808,0.9924,-0.0438,1.010
11.122000,0.1903,0.9926,-0.0477,1.012
11.123000,0.1910,0.9877,-0.0499,1.007
11.127000,0.1869,0.9899,-0.0567,1.009
11.178000,0.1815,0.9887,-0.0631,1.007
11.180000,0.1710,0.9870,-0.0599,1.003
11.180000,0.1620,0.9890,-0.0589,1.004
11.180000,0.1495,0.9870,-0.0618,1.000
11.181000,0.1407,0.9887,-0.0643,1.001
11.181000,0.1310,0.9914,-0.0667,1.002
11.181000,0.1212,0.9892,-0.0618,0.999
11.182000,0.1156,0.9887,-0.0587,0.997
11.182000,0.1136,0.9885,-0.0599,0.997
11.182000,0.1129,0.9821,-0.0391,0.989
11.182000,0.1195,0.9853,-0.0411,0.993
11.186000,0.1324,0.9926,-0.0574,1.003
11.191000,0.1583,0.9990,-0.0628,1.013
11.195000,0.1908,0.9987,-0.0755,1.020
11.201000,0.1725,0.9799,-0.0369,0.996
11.206000,0.1908,0.9975,-0.0462,1.017
11.210000,0.1910,0.9809,-0.0469,1.000
11.217000,0.1754,0.9846,-0.0401,1.001
11.219000,0.1671,0.9892,-0.0377,1.004
11.225000,0.1649,0.9909,-0.0343,1.005
11.251000,0.1603,0.9941,-0.0313,1.007
11.252000,0.1581,0.9941,-0.0294,1.007
11.252000,0.1630,0.9897,-0.0313,1.003
11.252000,0.1593,0.9897,-0.0333,1.003
11.253000,0.1537,0.9907,-0.0362,1.003
11.255000,0.1571,0.9909,-0.0460,1.004
11.260000,0.1622,0.9902,-0.0538,1.005
11.265000,0.1686,0.9911,-0.0640,1.007
11.269000,0.1815,0.9882,-0.0726,1.007
11.274000,0.1949,0.9894,-0.0836,1.012
11.279000,0.2008,0.9850,-0.0853,1.009
11.283000,0.2076,0.9819,-0.0826,1.007
11.289000,0.2067,0.9836,-0.0772,1.008
11.293000,0.1998,0.9882,-0.0694,1.011
11.299000,0.1942,0.9885,-0.0633,1.009
11.303000,0.1830,0.9872,-0.0491,1.005
11.308000,0.1666,0.9853,-0.0374,1.000
11.318000,0.1525,0.9933,-0.0189,1.005
11.318000,0.1388,0.9904,-0.0155,1.000
11.323000,0.1317,1.0021,-0.0186,1.011
11.327000,0.1295,0.9987,-0.0240,1.007
11.351000,0.1280,0.9902,-0.0189,0.999
11.352000,0.1251,0.9806,-0.0115,0.989
11.353000,0.1146,0.9457,0.0109,0.953
11.353000,0.1217,1.0080,-0.0091,1.015
11.353000,0.0704,1.0129,-0.1598,1.028
11.357000,0.0961,1.0187,-0.1493,1.034
11.362000,0.1515,0.9758,-0.1187,0.995
11.367000,0.1515,0.9855,-0.1458,1.008
11.372000,0.1722,1.0121,-0.1739,1.041
11.376000,0.4516,0.9128,-0.1414,1.028
11.381000,0.3756,0.9621,-0.0748,1.036
11.387000,0.2684,0.9821,-0.1263,1.026
11.392000,0.3104,0.9770,-0.1390,1.035
11.397000,0.3082,1.0002,-0.1160,1.053
11.403000,0.2819,0.9872,-0.1077,1.032
11.407000,0.2892,0.9824,-0.0909,1.028
11.412000,0.2767,0.9870,-0.0958,1.030
11.417000,0.2511,0.9890,-0.1031,1.026
11.422000,0.2338,0.9904,-0.0897,1.022
11.427000,0.2211,0.9819,-0.0819,1.010
11.439000,0.2018,0.9802,-0.0858,1.004
11.440000,0.1910,0.9875,-0.0919,1.010
11.441000,0.1869,0.9916,-0.0894,1.013
11.445000,0.1901,0.9841,-0.0794,1.005
11.489000,0.1888,0.9863,-0.0687,1.007
11.491000,0.1759,0.9929,-0.0604,1.010
11.491000,0.1857,0.9965,-0.0516,1.015
11.492000,0.1732,0.9824,-0.0682,1.000
11.492000,0.1234,0.9907,-0.0889,1.002
11.492000,0.1061,0.9975,-0.0411,1.004
11.492000,0.1244,0.9592,-0.0069,0.967
11.493000,0.1251,0.9579,-0.0150,0.966
11.493000,0.1280,0.9667,-0.0067,0.975
11.495000,0.1293,0.9702,-0.0123,0.979
11.502000,0.0516,1.0307,-0.0118,1.032
11.504000,-0.0800,1.0248,-0.0247,1.028
11.509000,-0.1291,1.0051,-0.0216,1.014
11.516000,-0.0910,1.0051,-0.0076,1.009
11.519000,-0.0087,1.0026,-0.0108,1.003
11.523000,0.0734,0.9850,-0.0196,0.988
11.528000,0.1188,0.9677,-0.0169,0.975
11.534000,0.1266,0.9872,-0.0201,0.996
11.538000,0.1210,0.9941,-0.0189,1.002
11.543000,0.1151,1.0090,-0.0169,1.016
11.550000,0.1117,1.0226,-0.0194,1.029
11.552000,0.1122,1.0209,-0.0172,1.027
11.557000,0.1107,1.0075,-0.0128,1.014
11.562000,0.1146,1.0087,-0.0152,1.015
11.581000,0.5893,0.8407,-0.0670,1.029
11.581000,0.3698,0.9142,-0.0093,0.986
11.581000,0.1354,0.9929,-0.0240,1.002
11.582000,0.1083,0.9982,-0.2484,1.034
11.587000,0.1139,1.0207,-0.1351,1.036
11.592000,0.1630,0.9853,-0.1195,1.006
11.597000,0.1847,0.9763,-0.0821,0.997
11.602000,0.1923,0.9628,-0.0911,0.986
11.607000,0.1634,0.9853,-0.0887,1.003
11.612000,0.1298,0.9882,-0.0797,1.000
11.617000,0.1175,0.9933,-0.0675,1.003
11.621000,0.1161,0.9848,-0.0435,0.993
11.626000,0.1144,0.9885,-0.0294,0.995
11.640000,0.1132,0.9899,-0.0247,0.997
11.641000,0.1229,0.9855,-0.0167,0.993
11.642000,0.1268,0.9772,-0.0157,0.986
11.679000,0.1368,0.9819,-0.0096,0.991
11.679000,0.1713,0.9704,0.0153,0.986
11.680000,0.1949,0.9540,-0.0030,0.974
11.680000,0.2013,0.9682,-0.0130,0.989
11.680000,0.1229,1.0090,-0.0150,1.017
11.680000,0.0106,1.0012,-0.0721,1.004
11.681000,-0.0434,1.0004,-0.2027,1.022
11.681000,0.0067,1.0070,-0.1822,1.023
11.685000,0.1603,0.9670,-0.0931,0.985
11.690000,0.2242,0.9653,-0.0677,0.993
11.695000,0.2470,0.9743,-0.0946,1.010
11.700000,0.2047,0.9709,-0.0992,0.997
11.705000,0.1569,0.9846,-0.0977,1.002
11.710000,0.1630,0.9802,-0.0950,0.998
11.722000,0.1688,0.9853,-0.0762,1.003
11.723000,0.1573,0.9904,-0.0640,1.005
11.725000,0.1595,0.9828,-0.0450,0.997
11.729000,0.1678,0.9890,-0.0335,1.004
11.771000,0.1676,0.9868,-0.0364,1.002
11.772000,0.1669,0.9892,-0.0384,1.004
11.772000,0.1737,0.9929,-0.0428,1.009
11.772000,0.1796,0.9865,-0.0504,1.004
11.773000,0.1815,0.9806,-0.0657,0.999
11.773000,0.1793,0.9821,-0.0821,1.002
11.773000,0.1842,0.9826,-0.0889,1.004
11.773000,0.1844,0.9780,-0.0850,0.999
11.774000,0.1942,0.9736,-0.0843,0.996
11.778000,0.1876,0.9665,-0.0809,0.988
11.783000,0.1664,0.9621,-0.0650,0.979
11.788000,0.1903,0.9850,-0.0399,1.004
11.793000,0.2177,0.9809,-0.0399,1.006
11.798000,0.2115,0.9850,-0.0416,1.008
11.803000,0.2152,0.9838,-0.0355,1.008
11.807000,0.2355,0.9787,-0.0443,1.008
11.812000,0.2452,0.9733,-0.0518,1.005
11.823000,0.2658,0.9875,-0.0584,1.024
11.824000,0.2824,0.9899,-0.0880,1.033
11.827000,0.2836,0.9855,-0.1104,1.031
11.870000,0.2892,0.9787,-0.1021,1.026
11.870000,0.2926,0.9704,-0.1107,1.020
11.871000,0.2892,0.9763,-0.0975,1.023
11.871000,0.2877,0.9794,-0.1241,1.028
11.871000,0.2606,0.9882,-0.0853,1.026
11.872000,0.2970,1.0512,0.0099,1.092
11.872000,0.2960,1.0053,-0.1549,1.059
11.872000,0.2946,0.9758,-0.0638,1.021
11.872000,0.3334,0.9687,-0.0731,1.027
11.876000,0.3847,1.0073,-0.1012,1.083
11.882000,0.3737,0.9755,-0.0997,1.049
11.886000,0.3646,0.9470,-0.0762,1.018
11.891000,0.3598,0.9523,-0.0860,1.022
11.895000,0.3556,0.9653,-0.0899,1.033
11.900000,0.2731,0.9616,-0.0926,1.004
11.906000,0.2186,0.9809,-0.1226,1.012
11.910000,0.2172,0.9868,-0.1341,1.019
11.920000,0.2145,0.9680,-0.1283,1.000
11.921000,0.2140,0.9697,-0.1102,0.999
11.925000,0.2054,0.9750,-0.1016,1.002
11.930000,0.2001,0.9792,-0.0990,1.004
11.960000,0.2079,0.9733,-0.0743,0.998
11.961000,0.2081,0.9819,-0.0667,1.006
11.961000,0.2042,0.9794,-0.0687,1.003
11.961000,0.2108,0.9772,-0.0577,1.001
11.962000,0.2108,0.9760,-0.0604,1.000
11.962000,0.2047,0.9760,-0.0623,0.999
11.969000,0.2001,0.9799,-0.0640,1.002
11.970000,0.1945,0.9775,-0.0623,0.999
11.974000,0.1945,0.9780,-0.0599,0.999
11.980000,0.1918,0.9775,-0.0570,0.998
11.984000,0.1942,0.9802,-0.0540,1.001
11.989000,0.1959,0.9831,-0.0484,1.004
11.994000,0.2062,0.9804,-0.0460,1.003
11.999000,0.2152,0.9841,-0.0413,1.008
12.004000,0.2228,0.9826,-0.0421,1.008
12.009000,0.2282,0.9804,-0.0416,1.007
12.014000,0.2311,0.9811,-0.0474,1.009
12.020000,0.2301,0.9797,-0.0494,1.008
12.023000,0.2306,0.9804,-0.0548,1.009
12.028000,0.2269,0.9794,-0.0592,1.007
12.061000,0.2211,0.9802,-0.0594,1.007
12.062000,0.2159,0.9758,-0.0526,1.001
12.062000,0.2094,0.9760,-0.0531,1.000
12.062000,0.1962,0.9782,-0.0523,0.999
12.063000,0.1864,0.9806,-0.0511,1.000
12.063000,0.1832,0.9816,-0.0484,1.000
12.063000,0.1844,0.9792,-0.0477,0.998
12.070000,0.1884,0.9770,-0.0457,0.996
12.074000,0.1915,0.9785,-0.0406,0.998
12.077000,0.1893,0.9782,-0.0391,0.997
12.083000,0.1927,0.9855,-0.0357,1.005
12.087000,0.2003,0.9821,-0.0343,1.003
12.092000,0.2115,0.9828,-0.0360,1.006
12.097000,0.2206,0.9811,-0.0423,1.007
12.101000,0.2350,0.9804,-0.0462,1.009
12.107000,0.2516,0.9824,-0.0540,1.016
12.111000,0.2609,0.9802,-0.0660,1.016
12.121000,0.2643,0.9780,-0.0679,1.015
12.122000,0.2587,0.9772,-0.0687,1.013
12.126000,0.2470,0.9792,-0.0650,1.012
12.131000,0.2372,0.9858,-0.0638,1.016
12.168000,0.2296,0.9819,-0.0723,1.011
12.169000,0.2323,0.9760,-0.0667,1.005
12.169000,0.2325,0.9787,-0.0670,1.008
12.170000,0.2269,0.9780,-0.0731,1.007
12.170000,0.2296,0.9763,-0.0755,1.006
12.170000,0.2306,0.9763,-0.0762,1.006
12.171000,0.2294,0.9785,-0.0736,1.008
12.171000,0.2235,0.9780,-0.0675,1.005
12.175000,0.2216,0.9787,-0.0670,1.006
12.180000,0.2208,0.9811,-0.0665,1.008
12.185000,0.2184,0.9799,-0.0660,1.006
12.190000,0.2184,0.9775,-0.0667,1.004
12.195000,0.2203,0.9777,-0.0660,1.004
12.200000,0.2179,0.9780,-0.0677,1.004
12.205000,0.2147,0.9787,-0.0711,1.004
12.210000,0.2135,0.9782,-0.0748,1.004
12.215000,0.2130,0.9765,-0.0760,1.002
12.226000,0.2128,0.9733,-0.0780,0.999
12.227000,0.2118,0.9775,-0.0826,1.004
12.230000,0.2140,0.9753,-0.0870,1.002
12.259000,0.2113,0.9775,-0.0889,1.004
12.259000,0.2142,0.9772,-0.0863,1.004
12.260000,0.2152,0.9780,-0.0816,1.005
12.261000,0.2052,0.9743,-0.0860,0.999
12.261000,0.2062,0.9733,-0.0758,0.998
12.261000,0.2106,0.9760,-0.0689,1.001
12.264000,0.2172,0.9789,-0.0653,1.005
12.267000,0.2225,0.9772,-0.0645,1.004
12.273000,0.2323,0.9775,-0.0609,1.007
12.277000,0.2367,0.9814,-0.0596,1.011
12.282000,0.2328,0.9831,-0.0592,1.012
12.287000,0.2318,0.9828,-0.0462,1.011
12.292000,0.2355,0.9750,-0.0347,1.004
12.297000,0.2264,0.9846,-0.0220,1.011
12.302000,0.2194,0.9863,-0.0037,1.010
12.307000,0.2172,0.9819,0.0073,1.006
12.312000,0.2096,0.9772,0.0099,1.000
12.320000,0.1920,0.9777,-0.0213,0.997
12.357000,0.1825,0.9677,-0.0753,0.988
12.357000,0.1954,0.9611,-0.1236,0.989
12.358000,0.1981,0.9677,-0.1649,1.001
12.358000,0.2174,0.9794,-0.1913,1.021
12.358000,0.2228,0.9741,-0.1600,1.012
12.358000,0.2157,0.9787,-0.1104,1.008
12.358000,0.1918,0.9846,-0.0609,1.005
12.358000,0.1818,0.9894,-0.0286,1.006
12.361000,0.1898,0.9951,-0.0167,1.013
12.366000,0.2137,0.9899,-0.0201,1.013
12.370000,0.2323,0.9814,-0.0172,1.009
12.375000,0.2296,0.9850,-0.0071,1.011
12.380000,0.2394,0.9841,-0.0052,1.013
12.385000,0.2467,0.9880,-0.0032,1.018
12.390000,0.2408,0.9870,-0.0103,1.016
12.395000,0.2299,0.9938,-0.0264,1.020
12.400000,0.2135,0.9931,-0.0438,1.017
12.405000,0.2147,0.9841,-0.0604,1.009
12.409000,0.2052,0.9872,-0.0819,1.012
12.414000,0.2125,0.9855,-0.0894,1.012
12.421000,0.2257,0.9748,-0.0784,1.004
12.424000,0.2411,0.9726,-0.0474,1.003
12.429000,0.2550,0.9682,-0.0074,1.001
12.453000,0.2723,0.9623,0.0246,1.000
12.454000,0.2850,0.9557,0.0412,0.998
12.454000,0.2914,0.9535,0.0427,0.998
12.455000,0.2909,0.9504,0.0490,0.995
12.455000,0.2907,0.9504,0.0568,0.995
12.459000,0.2794,0.9582,0.0671,1.000
12.463000,0.2584,0.9648,0.0934,1.003
12.468000,0.2216,0.9687,0.1008,0.999
12.474000,0.1761,1.0497,0.0776,1.067
12.479000,0.1161,1.0668,0.1205,1.080
12.485000,0.0621,1.0031,0.0475,1.006
12.488000,0.0445,0.8935,-0.8944,1.265
12.493000,0.0565,0.9904,-0.2154,1.015
12.498000,0.1412,0.9365,-0.3788,1.020
