time,gFx,gFy,gFz,TgF
0.002000,0.1351,0.9965,0.0261,1.006
0.003000,0.1317,0.9931,0.0163,1.002
0.005000,0.1295,0.9960,0.0026,1.004
0.012000,0.1251,0.9936,-0.0162,1.002
0.017000,0.1224,0.9955,-0.0238,1.003
0.021000,0.1251,0.9965,-0.0155,1.004
0.027000,0.1212,0.9941,-0.0155,1.002
0.031000,0.1195,0.9943,-0.0147,1.002
0.035000,0.1232,0.9953,-0.0137,1.003
0.041000,0.1263,0.9938,-0.0147,1.002
0.045000,0.1258,0.9953,-0.0142,1.003
0.062000,0.1258,0.9953,-0.0142,1.003
0.063000,0.1258,0.9953,-0.0142,1.003
0.068000,0.1258,0.9953,-0.0142,1.003
0.074000,0.1258,0.9953,-0.0142,1.003
0.078000,0.1280,0.9955,-0.0196,1.004
0.084000,0.1363,0.9907,-0.0552,1.002
0.089000,0.1468,0.9921,-0.0479,1.004
0.093000,0.1449,0.9941,-0.0235,1.005
0.098000,0.1486,0.9909,-0.0347,1.003
0.103000,0.1398,0.9963,-0.0164,1.006
0.108000,0.1344,0.9919,-0.0235,1.001
0.113000,0.1285,0.9960,-0.0198,1.004
0.118000,0.1256,0.9968,-0.0184,1.005
0.124000,0.1207,1.0004,-0.0213,1.008
0.127000,0.1092,0.9965,-0.0291,1.003
0.132000,0.0968,1.0058,-0.0418,1.011
0.137000,0.0553,1.0019,-0.0872,1.007
0.143000,0.0421,0.9982,-0.1417,1.009
0.147000,0.0611,1.0041,-0.1666,1.020
0.152000,0.0878,0.9955,-0.1695,1.014
0.158000,0.1564,0.9650,-0.3392,1.035
0.162000,0.2499,0.9904,-0.1812,1.037
0.167000,0.2362,0.9767,-0.1168,1.012
0.173000,0.1373,0.9985,-0.0858,1.012
0.176000,0.1112,0.9902,-0.0521,0.998
0.181000,0.1068,0.9948,-0.0240,1.001
0.186000,0.1019,0.9990,-0.0176,1.004
0.191000,0.1107,0.9985,-0.0147,1.005
0.196000,0.1305,0.9977,-0.0162,1.006
0.201000,0.1432,0.9916,-0.0257,1.002
0.206000,0.1422,0.9921,-0.0406,1.003
0.211000,0.1339,0.9926,-0.0545,1.003
0.215000,0.1305,0.9938,-0.0636,1.004
0.221000,0.1263,0.9943,-0.0721,1.005
0.225000,0.1232,0.9953,-0.0738,1.006
0.230000,0.1207,0.9926,-0.0736,1.003
0.236000,0.1234,0.9951,-0.0653,1.005
0.240000,0.1232,0.9955,-0.0601,1.005
0.245000,0.1234,0.9948,-0.0560,1.004
0.250000,0.1241,0.9955,-0.0531,1.005
0.254000,0.1232,0.9943,-0.0509,1.003
0.260000,0.1200,0.9965,-0.0528,1.005
0.264000,0.1251,0.9933,-0.0560,1.003
0.270000,0.1359,0.9941,-0.0562,1.005
0.274000,0.1319,0.9929,-0.0545,1.003
0.279000,0.1244,0.9931,-0.0548,1.002
0.284000,0.1224,0.9958,-0.0560,1.005
0.291000,0.1227,0.9948,-0.0543,1.004
0.294000,0.1232,0.9941,-0.0548,1.003
0.299000,0.1217,0.9951,-0.0548,1.004
0.304000,0.1239,0.9943,-0.0555,1.004
0.308000,0.1271,0.9965,-0.0550,1.006
0.314000,0.1224,0.9951,-0.0543,1.004
0.318000,0.1215,0.9965,-0.0548,1.005
0.323000,0.1200,0.9958,-0.0555,1.005
0.328000,0.1207,0.9948,-0.0555,1.004
0.333000,0.1276,0.9965,-0.0567,1.006
0.339000,0.1310,0.9951,-0.0596,1.005
0.343000,0.1295,0.9938,-0.0594,1.004
0.348000,0.1256,0.9933,-0.0618,1.003
0.353000,0.1256,0.9951,-0.0589,1.005
0.358000,0.1251,0.9943,-0.0557,1.004
0.364000,0.1241,0.9946,-0.0528,1.004
0.368000,0.1241,0.9953,-0.0521,1.004
0.374000,0.1229,0.9963,-0.0516,1.005
0.377000,0.1217,0.9963,-0.0528,1.005
0.382000,0.1171,0.9948,-0.0552,1.003
0.387000,0.1222,0.9948,-0.0567,1.004
0.392000,0.1276,0.9960,-0.0587,1.006
0.397000,0.1334,0.9951,-0.0550,1.005
0.402000,0.1351,0.9938,-0.0550,1.004
0.408000,0.1346,0.9948,-0.0521,1.005
0.411000,0.1337,0.9943,-0.0531,1.005
0.417000,0.1376,0.9963,-0.0557,1.007
0.421000,0.1400,0.9943,-0.0560,1.006
0.426000,0.1437,0.9960,-0.0589,1.008
0.431000,0.1400,0.9938,-0.0623,1.006
0.436000,0.1412,0.9958,-0.0628,1.008
0.441000,0.1376,0.9941,-0.0616,1.005
0.446000,0.1329,0.9941,-0.0621,1.005
0.450000,0.1285,0.9963,-0.0584,1.006
0.456000,0.1236,0.9958,-0.0570,1.005
0.460000,0.1217,0.9958,-0.0531,1.005
0.466000,0.1205,0.9958,-0.0548,1.005
0.470000,0.1266,0.9953,-0.0545,1.005
0.476000,0.1302,0.9963,-0.0543,1.006
0.480000,0.1327,0.9933,-0.0540,1.004
0.485000,0.1271,0.9968,-0.0552,1.006
0.491000,0.1239,0.9955,-0.0552,1.005
0.496000,0.1263,0.9946,-0.0648,1.005
0.500000,0.1239,0.9965,-0.0662,1.006
0.505000,0.1222,0.9951,-0.0653,1.005
0.509000,0.1193,0.9958,-0.0596,1.005
0.514000,0.1236,0.9975,-0.0521,1.006
0.519000,0.1298,0.9975,-0.0506,1.007
0.526000,0.1271,0.9936,-0.0496,1.003
0.529000,0.1215,0.9970,-0.0496,1.006
0.534000,0.1200,0.9926,-0.0469,1.001
0.539000,0.1210,0.9968,-0.0518,1.005
0.544000,0.1254,0.9955,-0.0579,1.005
0.549000,0.1244,0.9960,-0.0570,1.005
0.554000,0.1249,0.9933,-0.0623,1.003
0.560000,0.1268,0.9955,-0.0621,1.006
0.563000,0.1276,0.9963,-0.0592,1.006
0.568000,0.1244,0.9955,-0.0584,1.005
0.573000,0.1232,0.9953,-0.0555,1.004
0.578000,0.1271,0.9965,-0.0516,1.006
0.583000,0.1256,0.9973,-0.0509,1.006
0.588000,0.1244,0.9946,-0.0528,1.004
0.592000,0.1283,0.9965,-0.0562,1.006
0.598000,0.1305,0.9948,-0.0570,1.005
0.603000,0.1310,0.9960,-0.0592,1.006
0.609000,0.1249,0.9958,-0.0601,1.005
0.612000,0.1239,0.9955,-0.0557,1.005
0.619000,0.1219,0.9938,-0.0516,1.003
0.628000,0.1197,0.9953,-0.0513,1.004
0.629000,0.1219,0.9960,-0.0494,1.005
0.631000,0.1241,0.9931,-0.0540,1.002
0.637000,0.1298,0.9965,-0.0582,1.007
0.642000,0.1276,0.9938,-0.0621,1.004
0.646000,0.1305,0.9946,-0.0648,1.005
0.651000,0.1300,0.9965,-0.0684,1.007
0.656000,0.1300,0.9953,-0.0633,1.006
0.661000,0.1278,0.9960,-0.0587,1.006
0.666000,0.1263,0.9946,-0.0552,1.004
0.671000,0.1236,0.9970,-0.0523,1.006
0.676000,0.1224,0.9968,-0.0487,1.005
0.681000,0.1244,0.9938,-0.0474,1.003
0.686000,0.1251,0.9948,-0.0484,1.004
0.699000,0.1234,0.9977,-0.0516,1.007
0.700000,0.1256,0.9960,-0.0540,1.005
0.700000,0.1234,0.9936,-0.0540,1.003
0.706000,0.1244,0.9955,-0.0579,1.005
0.711000,0.1207,0.9953,-0.0594,1.004
0.715000,0.1224,0.9953,-0.0611,1.005
0.720000,0.1222,0.9951,-0.0599,1.004
0.725000,0.1239,0.9951,-0.0618,1.005
0.729000,0.1254,0.9951,-0.0616,1.005
0.735000,0.1288,0.9963,-0.0601,1.006
0.740000,0.1280,0.9953,-0.0577,1.005
0.744000,0.1285,0.9951,-0.0518,1.005
0.750000,0.1276,0.9960,-0.0487,1.005
0.755000,0.1261,0.9953,-0.0465,1.004
0.759000,0.1300,0.9941,-0.0455,1.004
0.764000,0.1324,0.9938,-0.0469,1.004
0.769000,0.1290,0.9960,-0.0474,1.005
0.773000,0.1256,0.9968,-0.0506,1.006
0.779000,0.1280,0.9968,-0.0565,1.007
0.784000,0.1276,0.9951,-0.0623,1.005
0.788000,0.1280,0.9963,-0.0665,1.007
0.796000,0.1254,0.9963,-0.0682,1.006
0.799000,0.1263,0.9938,-0.0697,1.004
0.804000,0.1324,0.9946,-0.0628,1.005
0.815000,0.1341,0.9938,-0.0540,1.004
0.816000,0.1283,0.9951,-0.0489,1.004
0.818000,0.1212,0.9977,-0.0528,1.006
0.824000,0.1166,0.9968,-0.0504,1.005
0.828000,0.1183,0.9963,-0.0513,1.005
0.833000,0.1227,0.9955,-0.0560,1.005
0.837000,0.1271,0.9931,-0.0609,1.003
0.845000,0.1285,0.9958,-0.0633,1.006
0.847000,0.1278,0.9943,-0.0677,1.005
0.852000,0.1290,0.9963,-0.0665,1.007
0.858000,0.1310,0.9970,-0.0665,1.008
0.862000,0.1317,0.9946,-0.0640,1.005
0.867000,0.1329,0.9958,-0.0596,1.006
0.872000,0.1322,0.9953,-0.0523,1.005
0.876000,0.1288,0.9948,-0.0482,1.004
0.882000,0.1256,0.9941,-0.0482,1.003
0.886000,0.1227,0.9943,-0.0443,1.003
0.891000,0.1222,0.9953,-0.0460,1.004
0.897000,0.1207,0.9963,-0.0501,1.005
0.902000,0.1219,0.9951,-0.0543,1.004
0.911000,0.1261,0.9955,-0.0560,1.005
0.912000,0.1258,0.9951,-0.0594,1.005
0.917000,0.1293,0.9946,-0.0599,1.005
0.922000,0.1310,0.9960,-0.0582,1.006
0.933000,0.1295,0.9948,-0.0592,1.005
0.933000,0.1312,0.9936,-0.0606,1.004
0.935000,0.1298,0.9963,-0.0626,1.007
0.944000,0.1324,0.9936,-0.0628,1.004
0.945000,0.1371,0.9958,-0.0645,1.007
0.950000,0.1337,0.9916,-0.0631,1.003
0.955000,0.1324,0.9963,-0.0626,1.007
0.960000,0.1305,0.9929,-0.0565,1.003
0.965000,0.1307,0.9960,-0.0572,1.006
0.970000,0.1283,0.9943,-0.0550,1.004
0.975000,0.1290,0.9951,-0.0526,1.005
0.980000,0.1290,0.9936,-0.0538,1.003
0.985000,0.1244,0.9931,-0.0567,1.002
0.989000,0.1227,0.9955,-0.0540,1.005
0.994000,0.1193,0.9965,-0.0538,1.005
1.005000,0.1236,0.9960,-0.0521,1.005
1.007000,0.1298,0.9953,-0.0543,1.005
1.009000,0.1290,0.9943,-0.0538,1.004
1.016000,0.1261,0.9960,-0.0570,1.006
1.019000,0.1254,0.9951,-0.0606,1.005
1.027000,0.1254,0.9946,-0.0631,1.004
1.029000,0.1232,0.9968,-0.0650,1.006
1.034000,0.1227,0.9958,-0.0650,1.005
1.038000,0.1215,0.9951,-0.0618,1.004
1.044000,0.1234,0.9958,-0.0567,1.005
1.050000,0.1261,0.9938,-0.0543,1.003
1.053000,0.1266,0.9941,-0.0540,1.004
1.059000,0.1307,0.9960,-0.0550,1.006
1.063000,0.1268,0.9953,-0.0560,1.005
1.068000,0.1234,0.9951,-0.0589,1.004
1.073000,0.1241,0.9955,-0.0609,1.005
1.077000,0.1276,0.9948,-0.0616,1.005
1.083000,0.1302,0.9970,-0.0611,1.007
1.087000,0.1293,0.9955,-0.0565,1.005
1.092000,0.1310,0.9953,-0.0548,1.005
1.097000,0.1322,0.9919,-0.0545,1.002
1.102000,0.1324,0.9953,-0.0526,1.005
1.110000,0.1307,0.9968,-0.0511,1.007
1.116000,0.1285,0.9933,-0.0523,1.003
1.116000,0.1285,0.9960,-0.0545,1.006
1.121000,0.1271,0.9941,-0.0548,1.004
1.127000,0.1261,0.9958,-0.0579,1.005
1.131000,0.1271,0.9946,-0.0565,1.004
1.136000,0.1268,0.9953,-0.0570,1.005
1.142000,0.1283,0.9946,-0.0570,1.004
1.146000,0.1285,0.9951,-0.0567,1.005
1.151000,0.1276,0.9965,-0.0582,1.006
1.156000,0.1239,0.9958,-0.0560,1.005
1.162000,0.1271,0.9965,-0.0570,1.006
1.165000,0.1251,0.9960,-0.0570,1.005
1.171000,0.1183,0.9931,-0.0616,1.002
1.179000,0.1180,0.9960,-0.0584,1.005
1.181000,0.1283,0.9941,-0.0545,1.004
1.185000,0.1346,0.9946,-0.0577,1.005
1.194000,0.1276,0.9951,-0.0567,1.005
1.196000,0.1202,0.9955,-0.0592,1.005
1.204000,0.1185,0.9968,-0.0579,1.005
1.205000,0.1163,0.9955,-0.0577,1.004
1.213000,0.1212,0.9960,-0.0523,1.005
1.214000,0.1263,0.9955,-0.0531,1.005
1.220000,0.1359,0.9953,-0.0526,1.006
1.225000,0.1371,0.9929,-0.0538,1.004
1.230000,0.1329,0.9953,-0.0599,1.006
1.234000,0.1302,0.9943,-0.0611,1.005
1.240000,0.1337,0.9968,-0.0653,1.008
1.245000,0.1319,0.9977,-0.0660,1.009
1.249000,0.1332,0.9970,-0.0640,1.008
1.254000,0.1329,0.9965,-0.0599,1.007
1.260000,0.1315,0.9960,-0.0582,1.006
1.264000,0.1288,0.9965,-0.0572,1.006
1.269000,0.1236,0.9968,-0.0531,1.006
1.275000,0.1188,0.9975,-0.0521,1.006
1.280000,0.1195,0.9953,-0.0531,1.004
1.284000,0.1224,0.9948,-0.0521,1.004
1.289000,0.1232,0.9968,-0.0499,1.006
1.294000,0.1263,0.9965,-0.0521,1.006
1.298000,0.1266,0.9958,-0.0577,1.005
1.302000,0.1256,0.9963,-0.0579,1.006
1.310000,0.1236,0.9953,-0.0609,1.005
1.315000,0.1258,0.9926,-0.0606,1.002
1.319000,0.1266,0.9936,-0.0594,1.003
1.322000,0.1234,0.9943,-0.0570,1.004
1.328000,0.1212,0.9965,-0.0589,1.006
1.332000,0.1193,0.9963,-0.0582,1.005
1.337000,0.1202,0.9955,-0.0579,1.004
1.344000,0.1227,0.9960,-0.0570,1.005
1.347000,0.1251,0.9929,-0.0545,1.002
1.352000,0.1268,0.9960,-0.0516,1.005
1.356000,0.1251,0.9955,-0.0506,1.005
1.361000,0.1224,0.9951,-0.0516,1.004
1.366000,0.1195,0.9936,-0.0538,1.002
1.372000,0.1193,0.9958,-0.0565,1.004
1.379000,0.1222,0.9960,-0.0577,1.005
1.381000,0.1241,0.9946,-0.0562,1.004
1.386000,0.1258,0.9960,-0.0579,1.006
1.392000,0.1266,0.9941,-0.0601,1.004
1.396000,0.1293,0.9963,-0.0582,1.006
1.402000,0.1256,0.9953,-0.0572,1.005
1.406000,0.1241,0.9948,-0.0565,1.004
1.413000,0.1241,0.9948,-0.0555,1.004
1.420000,0.1222,0.9931,-0.0543,1.002
1.421000,0.1217,0.9946,-0.0521,1.003
1.430000,0.1195,0.9958,-0.0526,1.004
1.431000,0.1232,0.9968,-0.0513,1.006
1.436000,0.1244,0.9951,-0.0543,1.004
1.440000,0.1244,0.9946,-0.0545,1.004
1.447000,0.1244,0.9958,-0.0567,1.005
1.450000,0.1266,0.9960,-0.0599,1.006
1.454000,0.1278,0.9933,-0.0611,1.003
1.461000,0.1276,0.9946,-0.0636,1.005
1.465000,0.1244,0.9955,-0.0592,1.005
1.469000,0.1254,0.9963,-0.0579,1.006
1.475000,0.1234,0.9943,-0.0531,1.003
1.479000,0.1236,0.9963,-0.0487,1.005
1.484000,0.1229,0.9970,-0.0509,1.006
1.489000,0.1241,0.9963,-0.0533,1.005
1.495000,0.1273,0.9953,-0.0545,1.005
1.499000,0.1307,0.9946,-0.0540,1.005
1.504000,0.1344,0.9955,-0.0560,1.006
1.512000,0.1315,0.9953,-0.0579,1.006
1.513000,0.1290,0.9943,-0.0604,1.004
1.524000,0.1273,0.9948,-0.0609,1.005
1.524000,0.1285,0.9951,-0.0599,1.005
1.532000,0.1295,0.9958,-0.0577,1.006
1.532000,0.1324,0.9970,-0.0579,1.007
1.538000,0.1319,0.9936,-0.0616,1.004
1.543000,0.1317,0.9951,-0.0614,1.006
1.548000,0.1278,0.9958,-0.0582,1.006
1.553000,0.1232,0.9963,-0.0596,1.006
1.559000,0.1215,0.9958,-0.0584,1.005
1.562000,0.1224,0.9955,-0.0555,1.005
1.567000,0.1258,0.9953,-0.0535,1.005
1.572000,0.1295,0.9946,-0.0521,1.004
1.577000,0.1295,0.9955,-0.0513,1.005
1.582000,0.1261,0.9955,-0.0538,1.005
1.587000,0.1224,0.9965,-0.0543,1.005
1.595000,0.1236,0.9965,-0.0565,1.006
1.597000,0.1251,0.9970,-0.0577,1.006
1.601000,0.1268,0.9958,-0.0609,1.006
1.607000,0.1298,0.9960,-0.0601,1.006
1.613000,0.1298,0.9951,-0.0599,1.005
1.616000,0.1280,0.9960,-0.0609,1.006
1.621000,0.1276,0.9965,-0.0582,1.006
1.627000,0.1271,0.9953,-0.0587,1.005
1.631000,0.1215,0.9955,-0.0526,1.004
1.636000,0.1241,0.9973,-0.0487,1.006
1.641000,0.1236,0.9943,-0.0448,1.003
1.646000,0.1246,0.9936,-0.0457,1.002
1.650000,0.1246,0.9953,-0.0462,1.004
1.655000,0.1239,0.9965,-0.0506,1.005
1.661000,0.1251,0.9933,-0.0565,1.003
1.665000,0.1298,0.9958,-0.0582,1.006
1.670000,0.1283,0.9951,-0.0643,1.005
1.676000,0.1258,0.9953,-0.0648,1.005
1.680000,0.1234,0.9953,-0.0631,1.005
1.685000,0.1224,0.9953,-0.0611,1.005
1.691000,0.1171,0.9955,-0.0552,1.004
1.695000,0.1173,0.9965,-0.0509,1.005
1.700000,0.1190,0.9946,-0.0484,1.003
1.705000,0.1241,0.9958,-0.0467,1.005
1.712000,0.1232,0.9955,-0.0452,1.004
1.718000,0.1241,0.9975,-0.0501,1.006
1.718000,0.1254,0.9938,-0.0548,1.003
1.724000,0.1266,0.9963,-0.0582,1.006
1.736000,0.1241,0.9968,-0.0601,1.006
1.737000,0.1217,0.9960,-0.0594,1.005
1.738000,0.1217,0.9953,-0.0589,1.004
1.746000,0.1249,0.9958,-0.0572,1.005
1.749000,0.1278,0.9985,-0.0582,1.008
1.753000,0.1298,0.9958,-0.0604,1.006
1.759000,0.1285,0.9936,-0.0560,1.003
1.763000,0.1278,0.9963,-0.0555,1.006
1.768000,0.1261,0.9943,-0.0557,1.004
1.773000,0.1258,0.9955,-0.0570,1.005
1.778000,0.1239,0.9948,-0.0570,1.004
1.783000,0.1280,0.9955,-0.0572,1.005
1.788000,0.1293,0.9963,-0.0543,1.006
1.793000,0.1300,0.9965,-0.0584,1.007
1.799000,0.1341,0.9960,-0.0606,1.007
1.803000,0.1295,0.9938,-0.0616,1.004
1.808000,0.1241,0.9938,-0.0623,1.003
1.813000,0.1266,0.9955,-0.0582,1.005
1.817000,0.1283,0.9960,-0.0543,1.006
1.822000,0.1295,0.9946,-0.0538,1.004
1.829000,0.1256,0.9936,-0.0555,1.003
1.833000,0.1202,0.9958,-0.0501,1.004
1.837000,0.1200,0.9958,-0.0482,1.004
1.843000,0.1254,0.9965,-0.0516,1.006
1.847000,0.1288,0.9951,-0.0543,1.005
1.852000,0.1263,0.9948,-0.0614,1.005
1.856000,0.1268,0.9941,-0.0628,1.004
1.862000,0.1293,0.9963,-0.0623,1.007
1.866000,0.1217,0.9955,-0.0599,1.005
1.871000,0.1219,0.9965,-0.0604,1.006
1.877000,0.1183,0.9955,-0.0587,1.004
1.880000,0.1180,0.9951,-0.0550,1.004
1.886000,0.1190,0.9941,-0.0535,1.003
1.891000,0.1258,0.9946,-0.0552,1.004
1.896000,0.1293,0.9960,-0.0543,1.006
1.900000,0.1256,0.9955,-0.0572,1.005
1.905000,0.1232,0.9963,-0.0596,1.006
1.916000,0.1239,0.9960,-0.0592,1.005
1.917000,0.1261,0.9953,-0.0601,1.005
1.919000,0.1251,0.9958,-0.0596,1.005
1.926000,0.1300,0.9968,-0.0584,1.007
1.930000,0.1305,0.9955,-0.0570,1.006
1.935000,0.1246,0.9955,-0.0550,1.005
1.940000,0.1217,0.9958,-0.0513,1.005
1.945000,0.1232,0.9963,-0.0509,1.005
1.950000,0.1254,0.9953,-0.0511,1.004
1.955000,0.1276,0.9946,-0.0535,1.004
1.960000,0.1290,0.9960,-0.0572,1.006
1.965000,0.1300,0.9946,-0.0596,1.005
1.969000,0.1337,0.9958,-0.0596,1.006
1.974000,0.1324,0.9936,-0.0636,1.004
1.980000,0.1346,0.9946,-0.0626,1.006
1.984000,0.1351,0.9941,-0.0618,1.005
1.988000,0.1349,0.9951,-0.0614,1.006
1.994000,0.1332,0.9936,-0.0594,1.004
1.998000,0.1307,0.9936,-0.0548,1.004
2.003000,0.1288,0.9955,-0.0543,1.005
2.008000,0.1280,0.9943,-0.0548,1.004
2.013000,0.1276,0.9955,-0.0570,1.005
2.018000,0.1288,0.9970,-0.0567,1.007
2.023000,0.1268,0.9951,-0.0567,1.005
2.029000,0.1278,0.9958,-0.0567,1.006
2.034000,0.1271,0.9946,-0.0606,1.004
2.037000,0.1258,0.9965,-0.0672,1.007
2.046000,0.1246,0.9951,-0.0723,1.005
2.047000,0.1222,0.9963,-0.0699,1.006
2.052000,0.1222,0.9963,-0.0626,1.006
2.057000,0.1244,0.9941,-0.0545,1.003
2.063000,0.1278,0.9936,-0.0513,1.003
2.067000,0.1290,0.9960,-0.0472,1.005
2.071000,0.1295,0.9973,-0.0477,1.007
2.080000,0.1285,0.9943,-0.0479,1.004
2.082000,0.1246,0.9958,-0.0489,1.005
2.087000,0.1178,0.9963,-0.0489,1.004
2.091000,0.1207,0.9951,-0.0467,1.003
2.097000,0.1236,0.9933,-0.0477,1.002
2.104000,0.1236,0.9933,-0.0477,1.002
2.115000,0.1236,0.9933,-0.0477,1.002
2.116000,0.1236,0.9933,-0.0477,1.002
2.122000,0.1295,0.9941,-0.0606,1.004
2.124000,0.1273,0.9970,-0.0667,1.007
2.145000,0.1249,0.9977,-0.0670,1.008
2.146000,0.1276,0.9953,-0.0692,1.006
2.146000,0.1334,0.9951,-0.0704,1.006
2.146000,0.1298,0.9960,-0.0623,1.006
2.149000,0.1288,0.9970,-0.0526,1.007
2.153000,0.1278,0.9965,-0.0474,1.006
2.158000,0.1254,0.9948,-0.0469,1.004
2.163000,0.1236,0.9948,-0.0460,1.004
2.168000,0.1234,0.9958,-0.0443,1.004
2.173000,0.1285,0.9960,-0.0496,1.006
2.178000,0.1295,0.9965,-0.0579,1.007
2.182000,0.1298,0.9965,-0.0650,1.007
2.188000,0.1293,0.9941,-0.0704,1.005
2.194000,0.1293,0.9936,-0.0733,1.005
2.197000,0.1285,0.9968,-0.0738,1.008
2.203000,0.1263,0.9963,-0.0726,1.007
2.207000,0.1239,0.9941,-0.0699,1.004
2.214000,0.1222,0.9948,-0.0618,1.004
2.217000,0.1244,0.9953,-0.0594,1.005
2.223000,0.1261,0.9963,-0.0516,1.006
2.237000,0.1285,0.9968,-0.0533,1.006
2.238000,0.1254,0.9948,-0.0543,1.004
2.238000,0.1273,0.9948,-0.0601,1.005
2.241000,0.1256,0.9965,-0.0596,1.006
2.247000,0.1283,0.9973,-0.0579,1.007
2.251000,0.1332,0.9958,-0.0611,1.007
2.256000,0.1295,0.9951,-0.0643,1.006
2.261000,0.1256,0.9960,-0.0675,1.006
2.266000,0.1239,0.9960,-0.0675,1.006
2.271000,0.1256,0.9963,-0.0621,1.006
2.276000,0.1258,0.9951,-0.0623,1.005
2.281000,0.1285,0.9960,-0.0587,1.006
2.286000,0.1278,0.9965,-0.0577,1.006
2.291000,0.1271,0.9970,-0.0567,1.007
2.296000,0.1280,0.9968,-0.0565,1.007
2.301000,0.1319,0.9968,-0.0584,1.007
2.306000,0.1278,0.9955,-0.0584,1.005
2.314000,0.1232,0.9973,-0.0616,1.007
2.315000,0.1278,0.9965,-0.0606,1.007
2.323000,0.1305,0.9955,-0.0584,1.006
2.325000,0.1258,0.9931,-0.0616,1.003
2.336000,0.1263,0.9946,-0.0628,1.005
2.336000,0.1293,0.9943,-0.0616,1.005
2.339000,0.1254,0.9960,-0.0648,1.006
2.346000,0.1222,0.9953,-0.0650,1.005
2.352000,0.1251,0.9948,-0.0618,1.005
2.355000,0.1256,0.9951,-0.0599,1.005
2.361000,0.1232,0.9955,-0.0606,1.005
2.365000,0.1219,0.9965,-0.0621,1.006
2.369000,0.1195,0.9938,-0.0623,1.003
2.374000,0.1239,0.9960,-0.0606,1.006
2.379000,0.1288,0.9958,-0.0623,1.006
2.385000,0.1315,0.9958,-0.0577,1.006
2.390000,0.1241,0.9982,-0.0594,1.008
2.394000,0.1317,0.9960,-0.0599,1.006
2.398000,0.1381,0.9929,-0.0572,1.004
2.404000,0.1381,0.9973,-0.0499,1.008
2.408000,0.1425,0.9921,-0.0384,1.003
2.414000,0.1356,0.9955,-0.0445,1.006
2.424000,0.1283,0.9929,-0.0555,1.003
2.425000,0.1232,0.9963,-0.0589,1.006
2.433000,0.1285,0.9955,-0.0599,1.006
2.434000,0.1334,0.9975,-0.0562,1.008
2.439000,0.1385,0.9948,-0.0540,1.006
2.443000,0.1456,0.9963,-0.0555,1.008
2.450000,0.1363,0.9973,-0.0574,1.008
2.454000,0.1268,0.9963,-0.0582,1.006
2.458000,0.1239,0.9953,-0.0555,1.005
2.463000,0.1236,0.9955,-0.0550,1.005
2.467000,0.1239,0.9948,-0.0577,1.004
2.472000,0.1205,0.9958,-0.0592,1.005
2.478000,0.1122,0.9963,-0.0589,1.004
2.482000,0.1149,0.9960,-0.0596,1.004
2.487000,0.1173,0.9926,-0.0636,1.002
2.492000,0.1171,0.9965,-0.0638,1.005
2.498000,0.1153,0.9960,-0.0599,1.004
2.508000,0.1173,0.9955,-0.0636,1.004
2.509000,0.1149,0.9958,-0.0648,1.004
2.518000,0.1144,0.9958,-0.0643,1.004
2.519000,0.1134,0.9951,-0.0621,1.003
2.521000,0.1249,0.9965,-0.0574,1.006
2.526000,0.1300,0.9963,-0.0565,1.006
2.531000,0.1263,0.9965,-0.0550,1.006
2.536000,0.1236,0.9985,-0.0509,1.007
2.542000,0.1244,0.9941,-0.0457,1.003
2.546000,0.1300,0.9963,-0.0472,1.006
2.551000,0.1302,0.9951,-0.0467,1.005
2.556000,0.1268,0.9948,-0.0533,1.004
2.561000,0.1229,0.9946,-0.0548,1.004
2.565000,0.1163,0.9963,-0.0611,1.005
2.571000,0.1158,0.9977,-0.0655,1.007
2.576000,0.1224,0.9977,-0.0706,1.008
2.581000,0.1288,0.9963,-0.0726,1.007
2.585000,0.1337,0.9968,-0.0692,1.008
2.590000,0.1307,0.9963,-0.0675,1.007
2.595000,0.1236,0.9953,-0.0599,1.005
2.600000,0.1222,0.9963,-0.0535,1.005
2.605000,0.1241,0.9946,-0.0462,1.003
2.610000,0.1290,0.9958,-0.0423,1.005
2.615000,0.1329,0.9963,-0.0443,1.006
2.621000,0.1298,0.9953,-0.0482,1.005
2.624000,0.1300,0.9931,-0.0531,1.003
2.630000,0.1315,0.9960,-0.0596,1.006
2.634000,0.1317,0.9958,-0.0633,1.006
2.639000,0.1312,0.9968,-0.0653,1.007
2.644000,0.1317,0.9958,-0.0694,1.007
2.649000,0.1307,0.9965,-0.0719,1.008
2.654000,0.1300,0.9958,-0.0648,1.006
2.660000,0.1273,0.9963,-0.0550,1.006
2.664000,0.1185,0.9955,-0.0491,1.004
2.669000,0.1102,0.9955,-0.0452,1.003
2.674000,0.1158,0.9960,-0.0428,1.004
2.679000,0.1244,0.9943,-0.0487,1.003
2.684000,0.1315,0.9953,-0.0521,1.005
2.688000,0.1371,0.9970,-0.0596,1.008
2.701000,0.1385,0.9951,-0.0682,1.007
2.702000,0.1434,0.9958,-0.0750,1.009
2.709000,0.1429,0.9960,-0.0809,1.009
2.710000,0.1363,0.9958,-0.0794,1.008
2.720000,0.1300,0.9953,-0.0736,1.006
2.721000,0.1246,0.9960,-0.0670,1.006
2.732000,0.1183,0.9960,-0.0555,1.005
2.732000,0.1139,0.9958,-0.0469,1.003
2.733000,0.1163,0.9970,-0.0406,1.005
2.737000,0.1193,0.9958,-0.0408,1.004
2.743000,0.1227,0.9938,-0.0465,1.002
2.748000,0.1249,0.9933,-0.0543,1.003
2.752000,0.1273,0.9951,-0.0614,1.005
2.757000,0.1290,0.9963,-0.0657,1.007
2.762000,0.1261,0.9938,-0.0692,1.004
2.767000,0.1246,0.9951,-0.0709,1.005
2.772000,0.1249,0.9960,-0.0665,1.006
2.777000,0.1276,0.9955,-0.0638,1.006
2.781000,0.1268,0.9938,-0.0606,1.004
2.786000,0.1263,0.9970,-0.0555,1.007
2.792000,0.1227,0.9963,-0.0545,1.005
2.797000,0.1219,0.9968,-0.0528,1.006
2.801000,0.1215,0.9946,-0.0504,1.003
2.806000,0.1271,0.9970,-0.0499,1.006
2.816000,0.1239,0.9960,-0.0523,1.005
2.816000,0.1202,0.9977,-0.0574,1.007
2.821000,0.1158,0.9955,-0.0567,1.004
2.826000,0.1090,0.9948,-0.0592,1.003
2.832000,0.1000,0.9924,-0.0614,0.999
2.836000,0.0987,0.9963,-0.0577,1.003
2.840000,0.0914,0.9977,-0.0650,1.004
2.846000,0.0851,0.9943,-0.0711,1.000
2.850000,0.0792,0.9951,-0.0709,1.001
2.855000,0.0790,0.9985,-0.0733,1.004
2.860000,0.0775,0.9958,-0.0650,1.001
2.865000,0.0817,0.9982,-0.0623,1.004
2.870000,0.0870,0.9970,-0.0636,1.003
2.875000,0.0936,0.9953,-0.0604,1.002
2.880000,0.1041,0.9975,-0.0594,1.005
2.885000,0.0997,0.9953,-0.0606,1.002
2.889000,0.1000,0.9963,-0.0645,1.003
2.897000,0.1000,0.9970,-0.0655,1.004
2.901000,0.1009,0.9951,-0.0640,1.002
2.905000,0.1005,0.9982,-0.0616,1.005
2.909000,0.1009,0.9968,-0.0623,1.004
2.918000,0.1063,1.0019,-0.0667,1.010
2.919000,0.1254,0.9946,-0.0638,1.004
2.924000,0.1434,0.9943,-0.0599,1.006
2.929000,0.1454,0.9963,-0.0604,1.009
2.934000,0.1498,0.9870,-0.0704,1.001
2.939000,0.1490,0.9970,-0.0762,1.011
2.944000,0.1236,1.0019,-0.0855,1.013
2.948000,0.1134,0.9914,-0.0950,1.002
2.954000,0.1310,0.9941,-0.0926,1.007
2.958000,0.1444,0.9860,-0.0675,0.999
2.963000,0.1420,0.9985,-0.0452,1.010
2.968000,0.1151,0.9850,-0.0242,0.992
2.973000,0.1070,0.9965,-0.0140,1.002
2.979000,0.0900,0.9846,-0.0216,0.989
2.983000,0.0787,0.9843,-0.0147,0.988
2.988000,0.0770,0.9750,-0.0213,0.978
2.993000,0.0685,0.9738,0.0055,0.976
2.998000,0.0494,0.9780,0.0024,0.979
3.003000,-0.0045,1.0234,-0.0023,1.023
3.007000,-0.0629,0.9965,-0.0350,0.999
3.015000,-0.0985,1.0473,-0.1661,1.065
3.017000,-0.0756,1.0488,-0.2110,1.072
3.022000,-0.0004,0.9777,-0.0736,0.980
3.027000,0.0878,1.0019,0.0051,1.006
3.034000,0.1349,0.9921,0.0136,1.001
3.037000,0.1788,0.9338,-0.0230,0.951
3.042000,0.2003,0.9289,-0.0509,0.952
3.057000,0.2003,0.9289,-0.0509,0.952
3.057000,0.2003,0.9289,-0.0509,0.952
3.062000,0.2003,0.9289,-0.0509,0.952
3.066000,0.2003,0.9289,-0.0509,0.952
3.071000,0.1241,0.9325,-0.0733,0.944
3.076000,0.1864,0.9169,-0.0611,0.938
3.082000,0.1210,0.9750,-0.0882,0.986
3.086000,0.0155,1.1213,-0.0772,1.124
3.091000,-0.0001,1.0524,-0.0875,1.056
3.096000,0.0983,0.9692,-0.0408,0.975
3.101000,0.2277,0.8959,-0.0440,0.925
3.105000,0.2169,0.9172,-0.0721,0.945
3.110000,0.1127,0.9760,-0.1119,0.989
3.116000,-0.0355,1.0742,-0.0909,1.079
3.122000,-0.0299,1.0378,-0.0953,1.043
3.125000,0.0423,0.9672,-0.0130,0.968
3.133000,0.1266,0.9682,-0.0006,0.976
3.134000,0.1852,0.9264,0.0085,0.945
3.140000,0.0907,1.0134,0.0287,1.018
3.146000,0.0340,0.9985,-0.0367,1.000
3.150000,0.0414,1.0766,-0.0028,1.077
3.155000,0.0870,0.8859,-0.0369,0.891
3.159000,0.1044,0.8940,0.0170,0.900
3.165000,0.0116,1.1391,-0.0223,1.139
3.169000,-0.0946,1.1367,-0.0584,1.142
3.175000,-0.0233,1.0275,-0.0528,1.029
3.179000,0.0929,0.9157,-0.0860,0.924
3.183000,0.1302,0.9433,-0.0496,0.954
3.189000,0.0712,0.9301,-0.0352,0.933
3.194000,0.0675,1.1113,-0.1344,1.121
3.199000,0.0975,0.9631,-0.0750,0.971
3.204000,0.1466,0.9020,-0.0084,0.914
3.208000,0.0492,1.0664,-0.0670,1.070
3.217000,0.0577,0.9655,-0.0665,0.970
3.218000,0.1664,1.0544,0.0102,1.067
3.223000,0.2965,0.8205,0.0224,0.873
3.228000,0.1810,1.1291,-0.0015,1.144
3.234000,0.0499,1.1062,-0.0352,1.108
3.238000,0.1153,0.8210,-0.2015,0.853
3.243000,0.0443,1.0839,-0.0784,1.088
3.251000,-0.1354,0.8852,-0.0833,0.899
3.252000,-0.0292,1.0466,-0.1685,1.060
3.257000,0.0348,1.1101,-0.1136,1.116
3.268000,0.0311,1.1118,0.0077,1.112
3.269000,0.0013,0.8310,0.0324,0.832
3.272000,0.0318,0.9833,-0.0013,0.984
3.277000,0.1180,0.9902,0.0124,0.997
3.282000,0.1652,1.0771,0.0944,1.094
3.286000,0.1805,1.0991,0.0034,1.114
3.292000,0.1725,0.7536,0.0099,0.773
3.299000,0.1722,0.7348,-0.0045,0.755
3.302000,0.0655,1.0598,-0.0738,1.064
3.306000,-0.1691,1.6279,-0.1615,1.645
3.311000,0.1896,1.6890,-0.3402,1.733
3.316000,0.4667,0.2611,-1.1135,1.235
3.321000,0.1952,0.4210,-0.1695,0.494
3.326000,0.5365,0.5089,-0.0963,0.746
3.332000,0.2311,1.4018,0.0224,1.421
3.336000,0.1322,1.0725,0.0112,1.081
3.341000,-0.0312,0.7394,-0.0118,0.740
3.346000,-0.1564,1.1474,-0.0645,1.160
3.351000,-0.2487,1.3142,-0.1336,1.344
3.355000,-0.1879,0.8620,-0.0396,0.883
3.360000,-0.1735,0.8166,0.0068,0.835
3.365000,-0.1657,1.2329,-0.0128,1.244
3.370000,0.0497,1.1513,-0.0074,1.152
3.375000,0.1119,0.8166,0.0327,0.825
3.380000,0.1166,0.8842,0.0873,0.896
3.385000,0.2018,1.2666,-0.0452,1.283
3.390000,0.1244,0.8224,-0.0157,0.832
3.395000,0.1014,0.8122,0.0536,0.820
3.399000,0.2186,1.3728,-0.0340,1.390
3.404000,0.2299,0.8215,-0.0240,0.853
3.408000,0.1258,0.4674,0.0414,0.486
3.416000,0.2680,1.6387,-0.0028,1.660
3.421000,0.1153,0.7423,-0.0699,0.754
3.424000,0.0738,0.5724,0.0207,0.578
3.434000,0.2499,1.8235,0.0280,1.841
3.435000,0.0841,0.5299,-0.0782,0.542
3.438000,0.0018,1.1315,0.1098,1.137
3.443000,-0.0561,1.1042,-0.1285,1.113
3.448000,-0.0624,0.7904,-0.0162,0.793
3.454000,-0.1823,1.4722,0.0114,1.483
3.458000,0.0130,0.8764,-0.0030,0.876
3.463000,0.0863,0.7604,0.0761,0.769
3.468000,0.1522,1.3554,-0.0169,1.364
3.473000,0.1239,0.8583,0.0021,0.867
3.477000,0.0748,0.8276,0.0839,0.835
3.482000,0.1637,1.2548,-0.1204,1.271
3.487000,0.0948,0.6630,0.0493,0.672
3.492000,0.0841,0.9938,0.0507,0.999
3.499000,0.1451,1.2661,-0.1817,1.287
3.505000,0.0455,0.7890,0.0146,0.790
3.511000,0.0028,0.8132,-0.0535,0.815
3.512000,0.1124,1.1347,-0.0504,1.141
3.523000,0.0885,1.0302,-0.0277,1.034
3.524000,0.1801,1.2255,-0.0264,1.239
3.526000,0.1779,0.4962,0.0405,0.529
3.534000,0.1583,0.9609,0.0568,0.975
3.537000,0.1766,1.3437,-0.0269,1.356
3.541000,0.0211,0.7162,0.1030,0.724
3.546000,0.0128,1.1731,-0.0628,1.175
3.551000,-0.0172,1.1000,-0.0252,1.100
3.556000,0.0145,0.9433,-0.0626,0.945
3.561000,0.0592,0.5778,0.0080,0.581
3.566000,-0.1842,1.9976,-0.1038,2.009
3.571000,-0.1601,0.9977,-0.0902,1.015
3.576000,-0.0441,0.2936,0.0016,0.297
3.581000,0.0079,1.0285,0.0620,1.030
3.586000,0.1595,1.3418,-0.0306,1.352
3.590000,0.3776,0.8923,0.0793,0.972
3.600000,0.4447,0.9438,-0.0770,1.046
3.600000,0.3251,0.5810,-0.1178,0.676
3.605000,0.2252,1.4504,0.0473,1.469
3.611000,0.0404,0.8500,-0.0660,0.854
3.624000,-0.1200,1.2798,-0.1246,1.291
3.624000,-0.0351,0.6330,-0.1182,0.645
3.625000,-0.1261,1.5225,-0.1905,1.540
3.629000,0.0189,0.8197,-0.1551,0.835
3.641000,0.0643,0.9135,-0.0574,0.918
3.642000,0.1283,1.3003,-0.0628,1.308
3.645000,0.0821,0.7445,-0.0152,0.749
3.658000,0.1158,1.0561,-0.1297,1.070
3.659000,0.0790,0.7133,0.0322,0.718
3.660000,0.0729,1.2966,-0.1539,1.308
3.664000,0.1319,0.6007,-0.0010,0.615
3.677000,0.1520,1.2441,-0.1063,1.258
3.677000,0.2484,0.5985,-0.0111,0.648
3.678000,0.1107,1.5076,-0.1541,1.519
3.683000,0.0074,0.6908,-0.0018,0.691
3.688000,0.0209,1.1059,-0.1021,1.111
3.693000,0.0753,0.9667,0.0458,0.971
3.699000,0.0550,1.3371,-0.0636,1.340
3.703000,0.0900,0.8200,0.0080,0.825
3.708000,0.1422,1.0114,0.0346,1.022
3.717000,0.0936,0.8564,0.0036,0.861
3.718000,0.0963,1.2614,-0.0511,1.266
3.723000,-0.0023,0.9223,-0.0936,0.927
3.728000,-0.0006,1.0637,-0.1842,1.079
3.732000,0.0123,0.6005,-0.0548,0.603
3.737000,0.1271,1.2575,-0.0626,1.265
3.742000,0.1210,0.7809,-0.0587,0.792
3.747000,0.0194,1.1330,-0.0880,1.137
3.751000,0.1400,1.0334,0.0138,1.043
3.756000,0.1092,0.8718,-0.1737,0.896
3.761000,0.1351,1.0236,0.1279,1.040
3.766000,0.2120,1.1650,-0.0875,1.187
3.773000,0.1779,0.7199,0.0038,0.742
3.776000,0.1290,1.3877,0.0605,1.395
3.781000,0.0274,1.1662,-0.0565,1.168
3.786000,0.0841,0.8823,0.0629,0.888
3.791000,0.0755,0.6022,-0.0135,0.607
3.797000,0.0289,1.0761,-0.1380,1.085
3.801000,-0.0348,1.1823,0.1017,1.187
3.806000,-0.0111,0.8815,-0.1219,0.890
3.811000,0.0182,1.1062,-0.0269,1.107
3.818000,0.0013,0.9372,0.1057,0.943
3.821000,0.0997,0.9877,0.0021,0.993
3.826000,0.1432,0.6383,0.0175,0.654
3.842000,0.1486,1.2583,-0.0435,1.268
3.843000,0.2069,0.9430,0.0082,0.966
3.843000,0.1522,0.9518,-0.0235,0.964
3.844000,0.0282,1.0446,-0.0865,1.049
3.850000,0.0585,1.0148,-0.0714,1.019
3.856000,0.0238,1.3025,-0.0286,1.303
3.861000,0.0697,0.5910,0.0871,0.601
3.866000,0.1105,1.2536,-0.0999,1.262
3.869000,0.0292,1.1022,-0.0267,1.103
3.874000,0.0179,1.2109,-0.0001,1.211
3.879000,0.0431,0.3490,-0.0609,0.357
3.884000,0.2081,1.1767,-0.2135,1.214
3.889000,0.2179,1.0759,-0.0069,1.098
3.894000,0.1268,0.7812,-0.0289,0.792
3.900000,-0.0211,1.2190,-0.1248,1.226
3.904000,0.0306,0.8332,-0.1715,0.851
3.908000,0.0441,0.9089,-0.0628,0.912
3.921000,0.0006,1.0976,-0.0697,1.100
3.922000,0.1757,1.2136,-0.0350,1.227
3.923000,0.2491,1.0602,-0.0780,1.092
3.928000,0.1068,0.6303,-0.1380,0.654
3.935000,0.0565,0.8647,-0.0433,0.868
3.938000,0.0362,1.1188,-0.0491,1.121
3.943000,0.0314,1.1240,-0.0843,1.128
3.949000,0.0462,0.8547,-0.0760,0.859
3.953000,0.0882,1.0419,-0.0494,1.047
3.957000,0.2260,0.9882,-0.0574,1.015
3.962000,0.1158,1.1762,-0.0374,1.183
3.967000,0.0880,1.0014,-0.2015,1.025
3.972000,0.1925,0.9765,-0.0257,0.996
3.978000,0.0133,0.7419,-0.0216,0.742
3.982000,0.0309,0.9365,-0.1200,0.945
3.988000,0.0736,1.3794,-0.0792,1.384
3.992000,0.0714,0.4384,-0.0672,0.449
3.998000,0.1503,1.5608,0.1162,1.572
4.001000,0.0697,0.7846,-0.1034,0.794
4.007000,0.0111,0.5878,0.0458,0.590
4.012000,-0.0033,1.3655,0.0939,1.369
4.017000,0.0235,0.8681,-0.0489,0.870
4.023000,0.1215,1.0537,0.0224,1.061
4.026000,0.1573,0.8757,-0.0291,0.890
4.046000,0.0912,0.8857,0.0422,0.891
4.047000,0.0441,1.3027,-0.0430,1.304
4.048000,0.1180,1.1713,0.0908,1.181
4.048000,0.1227,0.5824,0.0226,0.596
4.051000,0.0543,1.0854,0.0280,1.087
4.055000,0.0941,0.8886,-0.0550,0.895
4.060000,0.2037,0.7851,0.0265,0.812
4.065000,0.0868,1.2192,-0.0638,1.224
4.070000,-0.0719,0.8212,0.0090,0.824
4.078000,-0.0121,1.1188,-0.1961,1.136
4.081000,0.0807,1.0749,0.1572,1.089
4.086000,0.1097,0.7106,-0.0377,0.720
4.090000,0.0990,0.5927,-0.0067,0.601
4.095000,0.1075,1.9424,-0.0469,1.946
4.100000,0.0597,0.3439,-0.0404,0.351
4.105000,0.1180,0.5443,0.0808,0.563
4.110000,0.2242,2.1175,-0.0557,2.130
4.117000,0.2667,0.9238,-0.0238,0.962
4.119000,0.0865,0.2420,0.0041,0.257
4.124000,-0.0563,1.1801,-0.1222,1.188
4.129000,-0.0636,1.6729,-0.2088,1.687
4.137000,0.1727,0.9003,-0.2447,0.949
4.138000,0.3031,0.3072,-0.0164,0.432
4.143000,0.0182,0.3497,0.0649,0.356
4.149000,-0.0382,1.8516,-0.1878,1.861
4.153000,0.0543,1.1648,-0.0972,1.170
4.158000,0.0426,0.8613,-0.0150,0.862
4.164000,0.0941,0.6747,0.0666,0.684
4.168000,0.2367,1.3779,0.1213,1.403
4.173000,0.2247,1.2241,-0.2660,1.273
4.178000,-0.0006,0.5065,0.0527,0.509
4.184000,-0.0553,0.8117,0.0859,0.818
4.188000,0.1051,1.5207,-0.1134,1.529
4.194000,0.0773,1.2771,0.1350,1.287
4.198000,0.0265,0.3900,-0.0535,0.395
4.203000,-0.0277,1.2109,-0.1888,1.226
4.207000,0.0672,1.6177,-0.2223,1.634
4.212000,0.0721,0.9365,-0.0811,0.943
4.218000,0.1393,0.8495,-0.0291,0.861
4.222000,0.1674,0.9360,0.0539,0.952
4.228000,-0.0402,1.4072,-0.0008,1.408
4.232000,0.1698,0.7533,-0.2010,0.798
4.246000,0.1703,0.8700,-0.0482,0.888
4.248000,0.2108,1.2155,-0.2728,1.263
4.248000,0.2389,1.6316,-0.0238,1.649
4.251000,0.2086,0.7353,-0.4818,0.903
4.256000,0.1019,0.4176,-0.0950,0.440
4.261000,-0.1193,0.8925,-0.0513,0.902
4.266000,-0.1886,1.4101,-0.0784,1.425
4.271000,0.0360,1.2563,-0.0875,1.260
4.276000,0.0516,0.5228,0.0087,0.525
4.281000,0.1112,1.0607,-0.0162,1.067
4.286000,0.1534,1.5129,0.1032,1.524
4.291000,0.1298,0.8324,-0.0770,0.846
4.295000,0.1288,0.7680,0.0287,0.779
4.300000,0.1527,0.9582,0.0463,0.971
4.305000,0.1698,1.0983,-0.0496,1.112
4.310000,0.0773,1.0405,-0.0677,1.046
4.320000,0.0348,0.8210,0.1030,0.828
4.320000,-0.0104,1.0942,-0.0479,1.095
4.325000,0.0814,1.2705,0.1025,1.277
4.330000,0.0194,1.0505,0.0253,1.051
4.343000,-0.0927,0.9513,-0.1099,0.962
4.344000,0.0382,0.8036,0.0536,0.806
4.347000,0.1505,1.0275,0.1118,1.044
4.350000,-0.0092,1.0283,-0.0787,1.031
4.354000,0.0880,1.3723,0.0629,1.377
4.361000,0.6498,0.4760,-0.0484,0.807
4.365000,0.1529,0.2626,-0.0521,0.308
4.369000,0.2582,1.8670,0.3598,1.919
4.373000,0.1161,0.7045,-0.1598,0.732
4.378000,0.0333,0.2760,-0.1007,0.296
4.384000,-0.0414,1.2827,-0.4676,1.366
4.388000,0.0055,1.4985,-0.2835,1.525
4.394000,0.0570,0.8124,-0.1180,0.823
4.405000,0.0213,1.1225,0.0053,1.123
4.406000,0.0799,1.0673,-0.0916,1.074
4.411000,0.0243,0.6647,-0.0501,0.667
4.412000,0.0799,1.0165,-0.0921,1.024
4.440000,0.1444,1.2307,-0.1993,1.255
4.441000,0.1915,0.8593,-0.2955,0.929
4.442000,0.1195,0.7685,0.0612,0.780
4.442000,0.1476,1.0693,-0.0125,1.079
4.442000,0.1515,1.0861,-0.0526,1.098
4.443000,0.1295,0.9892,-0.0723,1.000
4.447000,0.0765,1.0644,0.0300,1.068
4.452000,0.1007,0.9369,0.0273,0.943
4.457000,0.1219,0.8195,-0.0704,0.832
4.462000,0.0787,2.0960,-0.0633,2.098
4.467000,-0.0556,0.8642,0.0287,0.866
4.472000,-0.0578,0.8566,0.0783,0.862
4.477000,0.0460,0.9526,0.1281,0.962
4.482000,0.0365,1.3066,-0.0428,1.308
4.487000,0.0326,0.4298,-0.1124,0.445
4.491000,0.0780,0.5736,-0.0176,0.579
4.496000,0.0240,2.1631,-0.1624,2.169
4.501000,0.0968,0.9706,0.0080,0.975
4.506000,0.0524,0.3636,0.0212,0.368
4.511000,0.1339,0.9824,-0.0755,0.994
4.520000,0.1337,0.9003,-0.0548,0.912
4.521000,0.1569,0.6222,0.0126,0.642
4.529000,0.1036,0.7289,0.0158,0.736
4.530000,0.1910,1.5137,-0.0880,1.528
4.545000,0.1278,1.1132,-0.0687,1.123
4.546000,0.0968,0.7956,0.0490,0.803
4.546000,0.0863,1.2187,0.0370,1.222
4.556000,0.0831,1.1376,-0.1263,1.148
4.556000,0.0011,0.8940,0.0129,0.894
4.560000,-0.0175,0.8766,0.0424,0.878
4.567000,-0.0055,0.6544,-0.0213,0.655
4.570000,0.0057,1.2382,-0.1497,1.247
4.575000,0.0145,1.2695,0.1550,1.279
4.580000,0.0218,1.1660,0.0583,1.168
4.584000,-0.0102,1.0849,0.0024,1.085
4.589000,0.0328,1.1174,0.0407,1.119
4.594000,0.0719,0.5517,-0.0621,0.560
4.600000,0.1903,0.8967,-0.0885,0.921
4.605000,0.2025,1.1740,-0.0867,1.195
4.609000,0.1420,0.8324,-0.1170,0.853
4.614000,0.3263,0.5724,-0.0528,0.661
4.619000,0.1473,1.1779,0.0038,1.187
4.624000,0.1017,1.3225,0.0932,1.330
4.628000,0.0758,0.9970,-0.0562,1.001
4.642000,-0.0106,1.6514,-0.0960,1.654
4.643000,-0.0937,1.3711,0.1059,1.378
4.644000,-0.0981,0.6012,0.0322,0.610
4.648000,-0.1860,1.3782,-0.0792,1.393
4.653000,-0.0170,1.2258,-0.0404,1.227
4.657000,0.1266,0.9550,-0.0296,0.964
4.663000,0.1686,0.7672,-0.0369,0.786
4.667000,0.3170,1.0270,0.0471,1.076
4.672000,0.1847,0.8620,0.0256,0.882
4.677000,0.1437,0.7333,-0.0684,0.750
4.682000,0.1957,1.1655,-0.0970,1.186
4.687000,0.1410,0.9885,-0.0167,0.999
4.692000,0.0113,0.6779,0.0075,0.678
4.698000,-0.0495,1.4971,-0.0189,1.498
4.701000,-0.1147,1.4966,-0.0267,1.501
4.707000,-0.2033,1.2807,-0.0369,1.297
4.712000,-0.0380,0.4435,0.0200,0.446
4.719000,0.1307,1.1442,0.0290,1.152
4.721000,0.1549,1.8972,0.0082,1.904
4.727000,0.1786,0.7668,0.0532,0.789
4.732000,0.2030,0.7306,0.0112,0.758
4.747000,0.3305,1.7608,0.0837,1.793
4.748000,0.1522,0.8813,-0.0071,0.894
4.748000,0.1293,0.5831,0.0055,0.597
4.751000,0.2833,1.2138,0.1828,1.260
4.756000,0.0641,0.4357,0.0419,0.442
4.760000,0.0135,1.0800,-0.1104,1.086
4.769000,-0.0959,1.5872,0.0283,1.590
4.771000,-0.0355,0.6681,-0.0413,0.670
4.778000,-0.1115,1.6545,-0.1051,1.662
4.780000,-0.0119,1.0288,0.0783,1.032
4.785000,0.0419,0.9096,0.0883,0.915
4.790000,0.0587,1.1779,-0.0472,1.180
4.795000,0.1246,1.6165,-0.1776,1.631
4.802000,0.1405,0.7677,-0.0101,0.781
4.804000,0.0748,0.4620,0.0351,0.469
4.809000,0.1420,1.3686,0.0261,1.376
4.814000,0.0961,1.2153,-0.0814,1.222
4.825000,0.0565,0.5595,0.0085,0.562
4.826000,0.0546,0.5307,0.0229,0.534
4.830000,0.0392,1.7117,-0.0460,1.713
4.844000,0.0169,1.0290,0.0253,1.029
4.844000,0.0787,1.0539,0.0471,1.058
4.844000,0.1288,1.6123,0.0922,1.620
4.862000,0.0423,1.1857,-0.1554,1.197
4.862000,0.1825,1.2732,0.0800,1.289
4.863000,0.2330,1.2519,0.1628,1.284
4.863000,0.0819,0.5866,-0.0701,0.596
4.880000,0.0690,1.6187,-0.0340,1.620
4.880000,0.0560,0.7582,0.0112,0.760
4.881000,0.1261,0.6806,-0.1507,0.708
4.883000,0.2389,1.7051,0.0217,1.722
4.888000,0.0504,0.4645,0.0463,0.470
4.893000,-0.0236,0.3929,0.0141,0.394
4.897000,-0.0189,1.0710,-0.1605,1.083
4.908000,-0.0040,0.6840,-0.0799,0.689
4.909000,-0.0299,0.4696,0.0368,0.472
4.912000,-0.0023,0.9763,-0.0780,0.979
4.918000,0.0231,1.0063,-0.0269,1.007
4.922000,0.0716,0.9501,-0.0196,0.953
4.927000,0.1388,0.6212,0.0370,0.638
4.936000,0.2137,1.1833,-0.0291,1.203
4.936000,0.2540,1.5933,-0.0037,1.613
4.941000,0.2135,1.0661,0.0314,1.088
4.946000,0.0519,1.1191,-0.0064,1.120
4.954000,0.0372,1.4087,-0.1583,1.418
4.956000,-0.0558,0.8984,0.0624,0.902
4.961000,-0.2182,1.1643,-0.0220,1.185
4.972000,-0.0104,1.0397,-0.1024,1.045
4.973000,0.0199,0.7922,0.0407,0.793
4.976000,0.0201,0.6095,-0.0982,0.618
4.981000,0.0406,1.4551,-0.1234,1.461
4.987000,0.1090,0.7716,0.0661,0.782
4.991000,0.1771,0.9760,-0.0037,0.992
4.995000,0.1691,0.7541,-0.0186,0.773
5.001000,0.1490,0.5314,-0.0518,0.554
5.005000,0.2985,1.0358,-0.2660,1.110
5.011000,0.1215,1.1645,-0.0140,1.171
5.017000,0.0467,0.5910,0.0644,0.596
5.020000,0.0250,1.2199,0.0092,1.220
5.025000,0.0162,0.8473,-0.0108,0.848
5.029000,0.1012,0.8664,-0.0533,0.874
5.034000,0.0492,0.6537,0.6243,0.905
5.040000,0.1991,0.7848,0.0568,0.812
5.044000,0.6186,0.6615,0.0905,0.910
5.051000,0.2870,1.2732,-0.0814,1.308
5.054000,0.1696,1.1523,0.0385,1.165
5.059000,0.0780,0.5267,0.0012,0.532
5.064000,-0.1413,1.5229,0.1342,1.535
5.069000,-0.3188,1.8638,0.7197,2.023
5.074000,-0.0231,0.3842,0.1909,0.430
5.079000,-0.1122,0.5297,0.1340,0.558
5.084000,0.0118,1.7720,0.1862,1.782
5.089000,0.1095,1.2109,0.3911,1.277
5.094000,0.0013,0.2145,0.0600,0.223
5.100000,0.1891,1.0690,0.1074,1.091
5.103000,0.0174,1.2458,0.4304,1.318
5.108000,0.0001,0.6842,0.1779,0.707
5.113000,0.0108,1.1384,0.1232,1.145
5.121000,0.1644,0.9286,0.2761,0.983
5.123000,0.1236,0.8354,0.1157,0.852
5.127000,0.2142,1.1450,-0.0604,1.166
5.147000,0.2206,1.2028,0.0156,1.223
5.148000,0.0743,1.1696,0.0217,1.172
5.149000,0.0724,1.0781,-0.1156,1.087
5.149000,0.1681,1.0729,0.0138,1.086
5.152000,0.0524,0.3849,0.0446,0.391
5.159000,-0.0824,1.3669,-0.1236,1.375
5.163000,-0.0363,1.6177,-0.1241,1.623
5.168000,0.0672,0.7900,-0.0809,0.797
5.171000,0.1388,0.9264,0.0605,0.939
5.177000,-0.0282,1.1814,0.0170,1.182
5.182000,-0.0294,0.8420,-0.1248,0.852
5.187000,0.1207,1.1303,-0.2257,1.159
5.192000,0.1759,1.0769,0.1320,1.099
5.197000,0.0631,0.7604,-0.0760,0.767
5.203000,0.1024,1.0764,-0.0350,1.082
5.207000,0.1608,0.8913,0.1054,0.912
5.211000,0.0475,0.6806,0.0546,0.684
5.230000,0.0475,0.8300,0.1823,0.851
5.231000,-0.0421,1.3435,0.1342,1.351
5.231000,0.0155,1.0502,0.1665,1.063
5.231000,0.0878,0.4967,0.0422,0.506
5.236000,0.1959,1.5471,-0.0814,1.562
5.241000,0.0629,0.5885,0.0246,0.592
5.246000,0.0260,0.6444,0.0766,0.649
5.251000,0.1918,1.4407,0.2351,1.472
5.255000,0.2401,1.0456,0.0007,1.073
5.260000,0.1268,0.6330,0.1122,0.655
5.265000,-0.0307,1.0947,0.2678,1.127
5.270000,-0.0680,0.7069,0.2377,0.749
5.275000,-0.0475,1.3655,-0.0281,1.367
5.280000,-0.0404,1.0756,-0.0108,1.076
5.284000,0.0565,0.7101,0.0815,0.717
5.289000,0.1991,1.3418,-0.0772,1.359
5.295000,0.1193,0.9728,0.0934,0.985
5.300000,0.1224,0.9059,-0.0352,0.915
5.305000,0.1671,1.0661,-0.1021,1.084
5.311000,0.0616,0.9482,0.0197,0.950
5.314000,0.0357,1.1843,-0.2113,1.204
5.331000,0.1654,0.8197,-0.0667,0.839
5.333000,0.1139,0.5414,0.0854,0.560
5.334000,-0.0666,1.1977,-0.0606,1.201
5.335000,0.0633,1.2199,-0.2271,1.243
5.339000,0.1476,0.8896,0.0014,0.902
5.344000,0.1696,0.7870,0.0627,0.808
5.348000,0.0211,0.9479,0.0092,0.948
5.353000,-0.0148,0.8869,0.2507,0.922
5.358000,0.1229,1.0480,0.1103,1.061
5.363000,0.0301,0.8088,-0.0096,0.809
5.367000,-0.1252,1.1076,0.2741,1.148
5.372000,0.0116,1.2033,0.0505,1.204
5.378000,0.1051,0.6393,0.2817,0.706
5.384000,0.1656,1.2929,-0.0731,1.306
5.387000,0.2445,1.1513,-0.1112,1.182
5.393000,0.1564,0.9838,0.0148,0.996
5.397000,0.0375,1.4045,-0.1077,1.409
5.402000,0.0958,0.6933,-0.0086,0.700
5.407000,0.0636,0.4264,0.0739,0.437
5.412000,-0.1259,1.8062,0.3935,1.853
5.421000,0.0333,0.5907,-0.0015,0.592
5.422000,0.1454,0.5936,-0.0511,0.613
5.427000,0.2985,1.7009,0.4192,1.777
5.431000,0.1688,1.0859,0.4763,1.198
5.448000,0.1232,0.5006,0.1530,0.538
5.448000,0.0731,0.7729,-0.0701,0.779
5.449000,-0.1176,1.3020,0.1772,1.319
5.455000,-0.1000,0.6869,-0.0238,0.695
5.456000,-0.0956,0.8129,0.0903,0.823
5.461000,0.0372,0.7533,-0.0335,0.755
5.466000,-0.0353,1.9173,-0.0860,1.920
5.472000,0.1048,0.9174,0.3498,0.987
5.475000,0.2032,0.7868,-0.0096,0.813
5.481000,0.3273,1.2175,-0.0577,1.262
5.485000,0.2220,0.7101,0.0175,0.744
5.490000,0.1669,0.5368,0.0400,0.564
5.495000,0.1937,1.3655,-0.0543,1.380
5.504000,0.1583,0.8061,-0.2100,0.848
5.505000,0.0665,0.2960,-0.0233,0.304
5.513000,0.2054,1.3115,0.1997,1.342
5.514000,-0.1955,1.7114,0.3122,1.751
5.536000,0.0123,0.2621,0.0392,0.265
5.537000,0.0777,0.6982,0.0363,0.703
5.537000,0.0665,1.7407,-0.0865,1.744
5.538000,0.1288,0.9428,-0.0399,0.952
5.539000,0.1075,0.4518,0.1044,0.476
5.544000,0.0770,0.9360,-0.0545,0.941
5.549000,-0.1220,2.0809,-0.0257,2.085
5.554000,0.0648,0.8576,0.0800,0.864
5.559000,0.1136,0.9985,-0.1026,1.010
5.564000,0.0531,0.5172,-0.0865,0.527
5.569000,0.0858,1.5642,0.0790,1.569
5.574000,0.1761,1.2324,-0.1085,1.250
5.579000,0.1278,0.4410,-0.0885,0.468
5.584000,0.1034,0.6310,0.0878,0.645
5.588000,0.1432,0.9970,-0.0577,1.009
5.593000,0.1466,0.8537,-0.1827,0.885
5.598000,-0.0021,1.5828,0.1291,1.588
5.603000,-0.1899,1.0073,-0.0975,1.030
5.608000,-0.0321,0.2435,-0.0379,0.249
5.613000,0.0968,0.3426,0.0678,0.362
5.621000,0.1642,2.0105,1.0718,2.284
5.623000,0.1009,0.8884,0.0751,0.897
5.628000,0.0006,0.5538,-0.0623,0.557
5.632000,-0.0209,1.2900,-0.1844,1.303
5.649000,0.0509,0.6486,0.0212,0.651
5.650000,0.1844,0.8171,-0.0169,0.838
5.651000,0.3783,1.6948,-0.1329,1.742
5.652000,0.4000,0.9433,0.0202,1.025
5.657000,0.1027,0.5018,0.2558,0.573
5.662000,0.0294,1.2514,0.5090,1.351
5.667000,0.1559,1.2216,0.1911,1.246
5.672000,0.0860,0.7465,0.1643,0.769
5.677000,0.1920,1.7153,0.1000,1.729
5.682000,0.0040,1.0908,-0.0897,1.094
5.686000,0.0006,0.6513,-0.0609,0.654
5.691000,-0.0468,1.5268,-0.0164,1.528
5.696000,-0.1159,1.5376,-0.0457,1.543
5.704000,-0.0326,0.5399,-0.0728,0.546
5.706000,0.0309,0.8666,0.0016,0.867
5.714000,0.0799,0.4789,0.0322,0.487
5.716000,0.2555,1.7232,-0.0355,1.742
5.731000,0.2614,1.0935,-0.1551,1.135
5.732000,0.0909,0.2933,-0.0062,0.307
5.732000,0.1840,1.1923,0.1496,1.216
5.735000,0.1361,1.4534,0.4526,1.528
5.740000,0.0692,0.5773,-0.0306,0.582
5.745000,-0.1210,0.8417,0.2080,0.875
5.749000,-0.2631,1.3406,-0.0172,1.366
5.754000,0.0914,1.1450,-0.0904,1.152
5.760000,0.1046,0.8759,0.0119,0.882
5.764000,0.1639,0.7106,-0.0323,0.730
5.770000,0.2575,1.6985,0.1367,1.723
5.775000,0.1454,0.9638,-0.1080,0.981
5.779000,0.0206,0.3014,0.0226,0.303
5.785000,0.0099,0.4608,0.0505,0.464
5.789000,0.3378,1.7698,0.0412,1.802
5.794000,0.4113,1.4670,-0.1207,1.528
5.800000,0.0331,0.2838,0.2446,0.376
5.804000,0.0062,1.1836,0.4773,1.276
5.809000,0.1239,1.5815,-0.0047,1.586
5.814000,0.6257,3.6171,0.3161,3.684
5.827000,0.6694,0.6076,0.1101,0.911
5.829000,0.0445,0.0094,-0.0006,0.046
5.829000,0.1522,-0.1679,0.0226,0.228
5.833000,0.0052,-0.0112,0.0207,0.024
5.866000,-0.2839,0.3370,0.1118,0.455
5.867000,-0.6003,2.9225,-0.1917,2.990
5.867000,-0.3527,1.8555,-0.0648,1.890
5.868000,-0.0670,0.3641,0.0571,0.375
5.868000,-0.0575,0.3048,0.0339,0.312
5.868000,-0.3862,1.6101,-0.0640,1.657
5.869000,-0.3549,1.7769,-0.0345,1.812
5.872000,-0.7825,2.7264,-0.0997,2.838
5.877000,-0.1281,0.0684,0.0468,0.153
5.882000,-0.0204,0.0059,0.0041,0.022
5.887000,-0.0253,0.0765,-0.0145,0.082
5.892000,-0.1032,0.5597,0.0507,0.571
5.896000,0.5209,1.8462,-0.2022,1.929
5.904000,1.7596,1.1242,0.4116,2.128
5.907000,0.4477,0.2220,0.0148,0.500
5.911000,0.6340,0.2225,-0.0689,0.675
5.916000,0.2123,1.0322,-0.0318,1.054
5.932000,0.9567,0.9404,0.0522,1.343
5.932000,0.2111,0.2508,0.0490,0.331
5.932000,0.4738,1.4602,-0.1722,1.545
5.949000,0.2050,1.8260,-0.0032,1.837
5.950000,-0.2123,1.0380,-0.0037,1.060
5.951000,-0.1178,0.1764,0.4494,0.497
5.951000,-0.3344,1.0156,-0.0445,1.070
5.955000,-0.9202,1.9729,0.1120,2.180
5.960000,-0.1635,0.4764,-0.0631,0.508
5.965000,-0.0373,0.1131,-0.0030,0.119
5.970000,-0.4716,1.6704,0.0202,1.736
5.975000,-0.3554,1.5862,-0.0650,1.627
5.980000,-0.0473,0.5394,-0.0494,0.544
5.985000,0.0951,0.3903,-0.0028,0.402
5.989000,0.4264,1.8645,0.0773,1.914
5.995000,0.5514,2.2445,-0.0882,2.313
6.000000,0.3602,0.4471,-0.0535,0.577
6.005000,0.0582,0.1612,0.0436,0.177
6.009000,0.4059,0.9977,0.0358,1.078
6.015000,0.8271,1.4289,0.0209,1.651
6.025000,0.1232,0.5602,-0.0384,0.575
6.027000,0.0726,1.1369,0.0724,1.142
6.029000,-0.0119,1.0268,-0.0235,1.027
6.034000,0.0401,0.4042,-0.0528,0.410
6.039000,-0.0766,1.6865,-0.0255,1.688
6.044000,-0.2790,1.5845,0.2741,1.632
6.049000,-0.0414,0.7702,-0.0045,0.771
6.073000,-0.0040,0.1126,0.0200,0.114
6.074000,-0.3547,1.3574,0.3300,1.441
6.074000,-0.1527,1.8382,-0.2225,1.858
6.075000,0.0160,0.3490,-0.0557,0.354
6.075000,0.0712,0.4728,0.1821,0.512
6.077000,0.7922,0.9362,0.0703,1.228
6.083000,0.5805,1.0307,0.5329,1.297
6.088000,0.2482,0.8329,0.0834,0.873
6.092000,0.0296,0.5097,0.2873,0.586
6.097000,0.1771,1.4077,-0.0689,1.420
6.105000,0.1324,1.1643,-0.0782,1.174
6.107000,-0.0319,1.0427,0.0356,1.044
6.117000,-0.0675,1.1723,0.0446,1.175
6.118000,-0.0629,0.6356,0.0427,0.640
6.135000,-0.3329,1.5315,-0.0731,1.569
6.136000,-0.2008,1.3279,-0.1510,1.351
6.136000,-0.0175,0.3732,-0.0133,0.374
6.137000,0.0856,0.5465,0.1005,0.562
6.142000,0.2557,1.7412,-0.0482,1.761
6.146000,0.3278,0.9841,0.4582,1.134
6.151000,0.3429,0.8124,0.2426,0.915
6.160000,0.1612,0.8456,-0.0594,0.863
6.161000,0.7697,1.6860,-0.2242,1.867
6.166000,0.3817,1.6575,0.0378,1.701
6.171000,0.6598,0.6547,0.1232,0.938
6.176000,0.0648,0.0694,0.0136,0.096
6.180000,0.0841,0.2367,0.0019,0.251
6.186000,-0.0072,1.7141,0.0573,1.715
6.191000,-0.1491,1.9615,0.2265,1.980
6.196000,0.0922,0.4786,0.4414,0.658
6.200000,0.0345,0.1974,0.1437,0.247
6.205000,-0.0902,1.3430,0.0178,1.346
6.210000,-0.0382,0.6356,-0.0006,0.637
6.215000,-0.1737,0.9587,-0.0614,0.976
6.224000,-0.8799,3.8596,-0.0570,3.959
6.225000,-0.0915,0.4613,0.0383,0.472
6.234000,-0.0099,0.0609,0.0148,0.063
6.235000,-0.1408,0.8615,-0.0054,0.873
6.264000,0.2028,1.0632,-0.2489,1.111
6.265000,0.2594,1.6614,0.1513,1.688
6.266000,0.1515,1.4048,-0.0472,1.414
6.266000,0.5109,0.9081,-0.1764,1.057
6.266000,0.3278,0.5770,0.0265,0.664
6.267000,0.4738,0.7016,0.1987,0.870
6.269000,0.5180,0.9780,0.0200,1.107
6.274000,0.1862,0.8166,-0.1231,0.847
6.279000,0.0257,1.5308,-0.0950,1.534
6.284000,-0.1769,1.0356,-0.0255,1.051
6.289000,-0.0453,0.7646,-0.1449,0.779
6.293000,-0.1779,1.4880,-0.0865,1.501
6.298000,-0.2734,1.3100,-0.0137,1.338
6.305000,0.0770,0.8661,-0.1209,0.878
6.307000,0.0441,0.3839,0.0864,0.396
6.313000,0.1022,1.0034,-0.0103,1.009
6.318000,0.2162,2.3233,-0.1956,2.342
6.332000,0.0467,0.3243,0.1037,0.344
6.333000,0.0375,0.1363,0.0453,0.148
6.333000,0.2504,1.4465,0.4919,1.548
6.337000,0.0350,0.8112,0.5935,1.006
6.344000,0.1910,1.0527,0.1367,1.079
6.347000,0.0785,0.5582,0.0483,0.566
6.356000,0.2164,1.4678,-0.1742,1.494
6.357000,0.0604,0.6791,0.1267,0.693
6.362000,0.0917,1.3615,0.0297,1.365
6.367000,0.1031,0.7709,-0.0560,0.780
6.372000,0.0685,0.5009,0.0710,0.510
6.376000,-0.1474,1.6858,0.1137,1.696
6.382000,0.0511,1.1506,-0.1549,1.162
6.387000,0.0179,0.3866,0.1310,0.409
6.391000,0.2128,0.9545,0.3025,1.024
6.396000,0.2675,0.9089,0.1743,0.963
6.401000,0.2198,1.2605,-0.0889,1.283
6.405000,-0.0087,1.2502,-0.0487,1.251
6.410000,0.0472,0.7006,-0.0128,0.702
6.415000,0.0191,1.2644,-0.0050,1.265
6.422000,-0.0131,1.5449,-0.0472,1.546
6.430000,0.0792,0.8642,-0.0089,0.868
6.431000,0.0338,0.3612,0.0466,0.366
6.452000,-0.0849,1.2661,0.4453,1.345
6.453000,-0.0270,1.5146,-0.1041,1.518
6.453000,0.0370,0.5683,-0.0684,0.574
6.453000,0.0726,0.2919,0.1030,0.318
6.454000,0.3566,1.2426,0.7087,1.474
6.459000,0.2318,0.9682,0.0632,0.998
6.464000,0.2098,0.6593,0.2453,0.734
6.471000,0.1473,0.8273,-0.1068,0.847
6.474000,0.2296,1.4131,-0.0802,1.434
6.479000,0.0494,0.6027,0.2260,0.646
6.484000,0.1551,1.1428,0.0248,1.154
6.490000,0.1605,1.0439,-0.0543,1.058
6.493000,-0.0304,1.3491,0.0014,1.349
6.499000,-0.2863,1.4111,0.0500,1.441
6.505000,-0.1762,0.9091,-0.0555,0.928
6.508000,-0.0495,0.2203,0.0175,0.226
6.513000,-0.3283,1.4927,-0.0255,1.529
6.537000,-0.0412,1.1362,-0.1602,1.148
6.538000,0.1173,0.8691,-0.0572,0.879
6.538000,0.1971,1.3567,0.0698,1.373
6.539000,0.1573,0.6610,-0.1302,0.692
6.539000,0.2252,0.7863,0.0410,0.819
6.543000,0.3392,1.2551,-0.0377,1.301
6.548000,0.5331,0.7973,-0.0806,0.962
6.553000,0.1009,0.3124,0.0461,0.331
6.557000,0.1634,1.1623,0.0192,1.174
6.563000,0.2367,1.7515,-0.2691,1.788
6.567000,0.0350,0.2660,-0.0176,0.269
6.572000,0.0922,0.4757,0.1342,0.503
6.577000,0.2235,1.6440,-0.1124,1.663
6.582000,0.0572,1.5544,0.4277,1.613
6.587000,0.1739,0.9159,0.7920,1.223
6.592000,0.0975,0.6857,0.1462,0.708
6.596000,-0.0727,0.8339,0.2148,0.864
6.601000,-0.1071,1.6409,-0.0250,1.645
6.607000,-0.0011,0.6776,-0.1034,0.685
6.611000,-0.0678,0.5155,0.0202,0.520
6.616000,-0.1769,1.8599,-0.0972,1.871
6.635000,0.0343,1.3049,0.0151,1.305
6.636000,0.0629,0.3026,0.0214,0.310
6.636000,0.1913,0.7001,0.0798,0.730
6.637000,0.4074,1.6414,0.2985,1.717
6.640000,0.2367,0.9794,0.0436,1.009
6.646000,0.0702,0.2782,0.0700,0.295
6.651000,0.2228,0.9025,0.2636,0.966
6.655000,0.1544,0.9806,0.0207,0.993
6.660000,0.2692,1.6704,-0.0599,1.693
6.666000,0.0575,0.5277,-0.0201,0.531
6.671000,0.0294,0.4327,0.0148,0.434
6.675000,-0.2314,2.0762,-0.1615,2.095
6.680000,-0.0617,1.4060,-0.1136,1.412
6.685000,0.0160,0.2826,0.0922,0.298
6.689000,0.0777,0.3185,0.0934,0.341
6.695000,0.1808,1.2483,-0.1292,1.268
6.699000,0.1561,1.6126,-0.1768,1.630
6.705000,0.0839,0.4259,0.0385,0.436
6.710000,0.0846,0.4823,-0.0174,0.490
6.717000,0.1456,1.0671,-0.0128,1.077
6.723000,0.0538,1.6538,-0.1053,1.658
6.724000,0.0685,0.6310,-0.0001,0.635
6.729000,0.0414,0.2779,0.1049,0.300
6.734000,-0.2453,1.7778,-0.0650,1.796
6.752000,0.0787,1.0493,-0.1834,1.068
6.752000,0.0367,0.2147,0.0158,0.218
6.753000,0.2206,1.0888,0.0934,1.115
6.754000,0.1466,0.9999,0.1596,1.023
6.758000,0.2824,1.2334,0.0092,1.265
6.763000,0.3627,1.4101,0.1638,1.465
6.768000,0.0277,0.1839,0.2043,0.276
6.774000,0.2799,1.5669,0.1174,1.596
6.779000,0.2145,1.4961,-0.2252,1.528
6.783000,0.0931,0.3766,-0.0115,0.388
6.788000,0.0306,0.7546,0.1176,0.764
6.793000,-0.1564,2.3673,-0.2552,2.386
6.798000,0.0448,0.5768,-0.0748,0.583
6.807000,0.2977,1.2754,0.0798,1.312
6.808000,0.2186,0.4506,0.4360,0.664
6.812000,0.0724,0.4884,0.0319,0.495
6.817000,0.1490,1.6255,-0.0413,1.633
6.848000,0.1429,0.7248,0.4509,0.865
6.848000,0.0294,0.2926,0.1118,0.315
6.849000,-0.1745,1.4292,-0.0399,1.440
6.849000,0.0008,1.0402,-0.2437,1.068
6.849000,0.0074,0.5631,0.0974,0.572
6.850000,-0.5625,2.5914,-0.0235,2.652
6.851000,-0.1381,0.7958,-0.0511,0.809
6.856000,0.0155,0.1739,0.0414,0.179
6.861000,0.0121,0.0413,0.0143,0.045
6.866000,0.5353,1.0270,0.0917,1.162
6.871000,1.1562,2.6275,-0.1190,2.873
6.876000,0.6430,1.0168,-0.0865,1.206
6.881000,0.0616,0.1463,0.0092,0.159
6.886000,0.0069,0.0540,0.0104,0.055
6.891000,-0.1603,2.2904,0.0231,2.296
6.897000,-0.0575,0.4833,0.0036,0.487
6.901000,-0.2687,0.9242,0.0602,0.964
6.906000,-0.2729,1.2053,-0.1187,1.241
6.911000,-0.1828,0.8927,-0.0299,0.912
6.915000,-0.1127,0.6378,0.0925,0.654
6.924000,0.0389,0.9562,0.0681,0.959
6.925000,-0.1046,1.9908,-0.2855,2.014
6.933000,0.1537,1.0627,0.0405,1.075
6.961000,0.0472,0.3881,-0.0218,0.392
6.961000,0.1661,0.0504,-0.0025,0.174
6.962000,0.4123,1.8198,-0.0594,1.867
6.962000,0.7927,0.9658,-0.0977,1.253
6.962000,0.0636,0.0941,0.0497,0.124
6.963000,0.2470,1.1816,0.2343,1.230
6.964000,0.1813,1.3205,-0.1290,1.339
6.969000,0.0445,0.2076,0.2031,0.294
6.975000,0.1771,0.9428,0.2934,1.003
6.982000,0.0216,1.0092,0.4060,1.088
6.984000,0.0033,1.3215,-0.0440,1.322
6.990000,0.1390,0.8415,0.4314,0.956
6.994000,0.0182,0.2916,0.0583,0.298
6.998000,-0.1432,0.7008,0.0202,0.716
7.007000,-0.1288,1.6401,-0.1431,1.651
7.008000,-0.0441,0.6154,0.0895,0.623
7.014000,-0.0622,0.5888,0.0031,0.592
7.017000,0.1153,1.7666,-0.0584,1.771
7.045000,0.2479,1.3366,0.0661,1.361
7.046000,0.0687,0.2660,-0.0357,0.277
7.046000,0.0895,0.1617,-0.0511,0.192
7.047000,0.6452,2.3343,-0.2430,2.434
7.047000,0.2802,1.8401,0.1535,1.868
7.049000,0.0729,0.0623,0.0165,0.097
7.052000,0.0047,0.0062,0.0182,0.020
7.057000,0.2411,1.7095,0.5073,1.799
7.062000,0.1175,1.4118,-0.3084,1.450
7.067000,-0.0399,1.5745,0.1188,1.579
7.072000,-0.1535,0.8324,-0.1356,0.857
7.076000,-0.0519,0.4017,-0.0347,0.407
7.082000,0.1385,0.8801,0.0397,0.892
7.088000,0.0924,1.3051,1.0892,1.702
7.092000,0.0140,0.3585,0.0998,0.372
7.096000,-0.1808,2.5743,-0.3045,2.599
7.101000,0.0431,0.1781,0.3654,0.409
7.106000,0.1468,0.6569,0.2280,0.711
7.111000,0.2360,2.3052,-0.2594,2.332
7.116000,0.0983,0.5150,-0.0660,0.528
7.124000,0.0487,0.3119,0.1013,0.332
7.129000,-0.0231,1.9427,-0.1339,1.947
7.131000,2.2420,1.9324,0.1430,2.963
7.135000,2.6115,2.3553,-0.9172,3.634
7.170000,0.9072,0.2496,-0.1558,0.954
7.172000,0.1915,1.4822,-0.3966,1.546
7.172000,0.8063,0.1583,-0.0452,0.823
7.173000,0.7346,0.0982,-0.0162,0.741
7.173000,1.1545,0.5436,0.5974,1.409
7.174000,1.2961,0.5639,0.9358,1.695
7.174000,1.2820,0.8298,1.7386,2.314
7.177000,1.7718,1.8001,0.5403,2.583
7.180000,1.1218,0.5382,0.2089,1.262
7.185000,1.3774,0.7118,0.1357,1.556
7.190000,1.3357,0.9477,0.1552,1.645
7.194000,0.8681,0.2828,0.0309,0.914
7.199000,0.9545,0.4535,0.0195,1.057
7.205000,0.8876,0.5748,-0.0133,1.058
7.209000,0.9353,0.6591,-0.1048,1.149
7.214000,0.9660,1.0063,-1.3437,1.937
7.219000,1.0095,0.8825,-1.1359,1.757
7.224000,1.1650,0.2452,-0.3272,1.235
7.229000,1.3511,0.4747,-0.7834,1.632
7.233000,1.1281,1.0014,-1.1257,1.882
7.271000,0.8518,0.5924,-0.8730,1.356
7.272000,1.0334,0.2840,-0.8969,1.398
7.273000,1.0446,0.3981,-0.8268,1.390
7.273000,1.3191,0.8991,-0.6884,1.738
7.274000,1.1953,0.7455,-0.5709,1.520
7.274000,0.9851,0.5136,-0.5975,1.261
7.274000,0.9880,0.8698,-0.5465,1.425
7.275000,0.8132,0.6195,-0.5072,1.141
7.277000,0.7597,0.6762,-0.4454,1.110
7.284000,0.7294,0.6322,-0.4230,1.054
7.287000,0.7895,1.0422,-0.6259,1.450
7.292000,0.6567,0.7421,-0.4327,1.081
7.297000,0.5898,0.8671,-0.4532,1.142
7.302000,0.6183,0.7309,-0.3649,1.025
7.308000,0.6664,0.7900,-0.2591,1.066
7.312000,0.7065,0.9614,-0.4061,1.260
7.316000,0.5646,0.6762,-0.3109,0.934
7.349000,0.5514,0.7111,-0.3282,0.958
7.350000,0.6796,1.0434,-0.4027,1.309
7.350000,0.4999,0.6837,-0.2821,0.893
7.351000,0.3727,0.5580,-0.2459,0.715
7.351000,0.5368,0.8407,-0.3219,1.048
7.351000,0.8149,1.1083,-0.2457,1.397
7.352000,0.6144,2.7062,-0.3375,2.795
7.357000,-1.5906,1.7573,0.1335,2.374
7.361000,-1.8473,0.4486,0.2895,1.923
7.366000,-2.3971,0.2538,1.0423,2.626
7.371000,-0.7151,2.0140,-0.1097,2.140
7.375000,-0.1791,0.5016,-0.0174,0.533
7.380000,-0.4291,1.3403,0.0121,1.407
7.385000,-0.2250,1.0822,-0.0731,1.108
7.390000,0.0882,0.8874,-0.0968,0.897
7.395000,0.2611,1.1508,-0.1182,1.186
7.400000,0.1827,0.7487,-0.0704,0.774
7.406000,0.6625,0.7123,-0.0902,0.977
7.409000,0.4511,1.1513,0.3396,1.282
7.415000,0.4389,0.8986,1.9542,2.195
7.420000,0.1901,1.2519,1.7401,2.152
7.426000,0.1061,0.5731,0.2426,0.631
7.430000,0.3014,0.8744,-0.0936,0.930
7.436000,0.1356,1.1494,-0.1087,1.162
7.438000,0.0675,0.9186,0.1245,0.929
7.444000,0.0565,0.9499,0.2751,0.991
7.489000,0.0514,1.0595,0.2985,1.102
7.490000,0.0502,0.9806,0.2917,1.024
7.490000,0.0614,0.9347,0.4980,1.061
7.491000,0.1022,1.0097,0.2377,1.042
7.491000,0.0123,0.9409,0.3281,0.996
7.491000,0.0834,0.9316,0.3147,0.987
7.491000,0.0887,0.9816,0.4062,1.066
7.492000,0.0775,0.9492,0.3676,1.021
7.492000,0.1351,0.9328,0.3352,1.000
7.493000,0.1696,0.9982,0.2832,1.051
7.497000,0.1512,1.0102,0.2783,1.059
7.503000,0.1505,1.0183,0.2312,1.055
7.508000,0.1351,1.0317,0.1599,1.053
7.513000,0.1969,0.9985,0.1171,1.024
7.517000,0.2977,0.9782,0.0681,1.025
7.525000,0.4560,0.9418,0.0534,1.048
7.530000,0.4567,0.9362,0.0558,1.043
7.532000,0.3217,0.9833,0.0917,1.039
7.537000,0.2387,0.9899,0.1162,1.025
7.561000,0.1862,0.9846,0.1142,1.008
7.562000,0.1522,0.9789,0.1118,0.997
7.562000,0.1312,0.9787,0.1091,0.993
7.562000,0.1144,0.9811,0.1118,0.994
7.563000,0.1078,0.9858,0.1025,0.997
7.566000,0.1122,0.9899,0.0820,1.000
7.572000,0.1188,0.9911,0.0556,1.000
7.576000,0.1227,0.9894,0.0380,0.998
7.581000,0.1048,1.0090,0.0285,1.015
7.586000,0.0394,1.0134,0.0322,1.015
7.591000,0.0064,1.0190,0.0383,1.020
7.595000,0.0028,1.0292,0.0143,1.029
7.601000,0.0311,0.9985,-0.0142,0.999
7.609000,0.0472,0.9907,-0.0579,0.993
7.611000,0.0668,0.9980,-0.0399,1.001
7.615000,0.0799,1.0051,-0.0355,1.009
7.620000,0.0961,1.0075,-0.0291,1.012
7.658000,0.1156,1.0114,-0.0264,1.018
7.659000,0.1271,1.0163,-0.0206,1.024
7.659000,0.1258,1.0109,-0.0179,1.019
7.659000,0.1229,1.0109,-0.0145,1.018
7.660000,0.1258,1.0136,-0.0203,1.022
7.660000,0.1451,0.9982,-0.0245,1.009
7.660000,0.2125,0.9831,-0.0184,1.006
7.661000,0.2611,0.9682,0.0002,1.003
7.664000,0.2914,0.9709,0.0180,1.014
7.669000,0.2274,0.9946,0.0436,1.021
7.674000,0.1918,0.9914,0.0405,1.011
7.679000,0.1744,0.9750,0.0471,0.992
7.684000,0.1549,0.9836,0.0617,0.998
7.689000,0.1283,1.0043,0.1022,1.018
7.694000,0.1090,0.9977,0.1098,1.010
7.699000,0.1000,0.9963,0.0930,1.006
7.704000,0.0958,1.0014,0.0722,1.009
7.709000,0.1122,0.9965,0.0746,1.006
7.714000,0.1459,0.9955,0.0690,1.009
7.718000,0.1674,0.9985,0.0554,1.014
7.726000,0.1642,1.0075,0.0502,1.022
7.728000,0.1617,1.0097,0.0407,1.023
7.733000,0.1735,1.0051,0.0222,1.020
7.737000,0.1942,0.9997,0.0082,1.018
7.770000,0.2230,0.9958,0.0012,1.020
7.771000,0.2575,0.9909,0.0019,1.024
7.771000,0.2846,0.9694,0.0117,1.010
7.771000,0.2401,1.0038,0.0312,1.033
7.771000,0.2052,1.0029,0.0195,1.024
7.772000,0.1881,0.9787,0.0090,0.997
7.773000,0.1744,0.9843,0.0241,1.000
7.777000,0.1527,0.9872,0.0388,1.000
7.782000,0.1339,0.9780,0.0578,0.989
7.787000,0.1263,0.9980,0.0700,1.008
7.791000,0.1119,0.9960,0.0744,1.005
7.796000,0.1095,0.9872,0.0732,0.996
7.801000,0.1105,0.9843,0.0759,0.993
7.806000,0.1105,0.9843,0.0622,0.992
7.811000,0.1173,0.9999,0.0412,1.008
7.816000,0.1158,1.0026,0.0048,1.009
7.821000,0.0831,1.0253,-0.0074,1.029
7.826000,0.0567,1.0117,-0.0201,1.013
7.831000,0.0755,1.0041,-0.0084,1.007
7.835000,0.0968,0.9977,-0.0045,1.002
7.859000,0.1161,0.9933,-0.0006,1.000
7.860000,0.1349,0.9995,0.0522,1.010
7.861000,0.1271,0.9521,0.0422,0.961
7.861000,0.1571,0.9897,0.1303,1.011
7.862000,0.1818,0.9492,0.2023,0.987
7.866000,0.0963,1.0051,0.2031,1.030
7.870000,0.1007,1.0180,0.2036,1.043
7.875000,0.1534,1.0561,0.0898,1.071
7.880000,0.1442,0.9650,0.0231,0.976
7.884000,0.1493,0.9526,-0.0211,0.964
7.890000,0.1549,0.9809,-0.0296,0.993
7.895000,0.0707,1.0080,-0.0587,1.012
7.899000,-0.0412,1.0002,-0.0753,1.004
7.904000,-0.1234,1.0163,-0.0543,1.025
7.909000,-0.1545,1.0112,-0.0242,1.023
7.914000,-0.1452,0.9975,-0.0098,1.008
7.920000,-0.1066,0.9997,-0.0281,1.006
7.927000,-0.0399,0.9975,-0.0289,0.999
7.932000,0.0260,1.0065,-0.0328,1.007
7.935000,0.0909,0.9970,0.0038,1.001
7.981000,0.1278,0.9953,0.0119,1.004
7.982000,0.1415,1.0068,0.0129,1.017
7.983000,0.1422,0.9946,0.0549,1.006
7.983000,0.1583,0.9828,0.1491,1.007
7.983000,0.1656,0.9982,0.1662,1.025
7.984000,0.1610,1.0107,0.1301,1.032
7.984000,0.1544,0.9946,0.1105,1.013
7.984000,0.1566,1.0004,0.1152,1.019
7.985000,0.1874,0.9938,0.1042,1.017
7.985000,0.2162,0.9865,0.0751,1.013
7.987000,0.2311,0.9733,0.0532,1.002
7.994000,0.2052,0.9736,0.0060,0.995
7.997000,0.1683,1.0048,0.0314,1.019
8.003000,0.1566,0.9626,0.0034,0.975
8.007000,0.1417,0.9723,-0.0238,0.983
8.013000,0.1258,0.9626,-0.0347,0.971
8.017000,0.1229,1.0183,0.0773,1.029
8.022000,0.1188,0.9638,0.0297,0.972
8.027000,0.0948,0.8925,-0.0360,0.898
8.032000,0.0643,1.1257,0.0273,1.128
8.036000,0.0101,1.0070,0.1039,1.012
8.073000,0.0304,0.9814,0.0756,0.985
8.074000,0.0585,1.0107,0.0229,1.013
8.075000,0.0943,1.0146,0.0842,1.022
8.075000,0.1168,1.0187,0.1000,1.030
8.075000,0.1266,0.9677,0.0019,0.976
8.076000,0.1344,1.0034,-0.0299,1.013
8.076000,0.1344,0.9992,-0.0330,1.009
8.076000,0.1266,0.9855,-0.0301,0.994
8.080000,0.1329,0.9899,0.0021,0.999
8.086000,0.1356,0.9838,0.0202,0.993
8.092000,0.1258,0.9929,0.0131,1.001
8.097000,0.1268,0.9975,0.0138,1.006
8.100000,0.1442,0.9975,0.0363,1.009
8.105000,0.1547,0.9953,0.0605,1.009
8.110000,0.1503,0.9953,0.0790,1.010
8.115000,0.1410,0.9963,0.0937,1.011
8.120000,0.1378,0.9970,0.0952,1.011
8.126000,0.1368,0.9987,0.0891,1.012
8.129000,0.1405,0.9965,0.0776,1.009
8.134000,0.1490,0.9977,0.0649,1.011
8.164000,0.1547,0.9951,0.0556,1.009
8.164000,0.1588,0.9948,0.0461,1.008
8.164000,0.1554,0.9955,0.0417,1.008
8.165000,0.1576,0.9963,0.0373,1.009
8.165000,0.1476,0.9995,0.0283,1.011
8.165000,0.1412,0.9973,0.0290,1.008
8.169000,0.1429,0.9963,0.0285,1.007
8.176000,0.1410,0.9911,0.0314,1.002
8.179000,0.1425,0.9904,0.0275,1.001
8.184000,0.1449,0.9882,0.0258,0.999
8.188000,0.1439,0.9904,0.0231,1.001
8.194000,0.1171,0.9960,0.0209,1.003
8.199000,0.1027,0.9933,0.0268,0.999
8.204000,0.1039,0.9919,0.0329,0.998
8.212000,0.1039,0.9933,0.0380,0.999
8.213000,0.1080,0.9968,0.0468,1.004
8.217000,0.1056,0.9953,0.0539,1.002
8.222000,0.1022,0.9968,0.0627,1.004
8.227000,0.0985,0.9985,0.0698,1.006
8.265000,0.0953,1.0026,0.0654,1.009
8.265000,0.1171,0.9943,0.0641,1.003
8.266000,0.1395,0.9970,0.0544,1.008
8.266000,0.1388,0.9921,0.0483,1.003
8.266000,0.1339,0.9931,0.0402,1.003
8.267000,0.1351,0.9941,0.0366,1.004
8.267000,0.1319,0.9953,0.0339,1.005
8.267000,0.1288,0.9951,0.0346,1.004
8.272000,0.1293,0.9955,0.0361,1.005
8.277000,0.1310,0.9951,0.0458,1.005
8.283000,0.1293,0.9955,0.0527,1.005
8.286000,0.1241,0.9965,0.0595,1.006
8.292000,0.1246,0.9958,0.0673,1.006
8.296000,0.1246,0.9948,0.0673,1.005
8.301000,0.1268,0.9948,0.0605,1.005
8.305000,0.1261,0.9951,0.0449,1.004
8.311000,0.1254,0.9946,0.0358,1.003
8.315000,0.1298,0.9955,0.0283,1.004
8.320000,0.1298,0.9929,0.0253,1.002
8.354000,0.1236,0.9948,0.0234,1.003
8.355000,0.1212,0.9943,0.0268,1.002
8.355000,0.1210,0.9963,0.0312,1.004
8.356000,0.1171,0.9946,0.0402,1.002
8.356000,0.1134,0.9955,0.0527,1.003
8.356000,0.1136,0.9938,0.0666,1.003
8.356000,0.1227,0.9958,0.0773,1.006
8.360000,0.1305,0.9946,0.0808,1.006
8.364000,0.1329,0.9958,0.0761,1.007
8.370000,0.1344,0.9941,0.0617,1.005
8.374000,0.1337,0.9953,0.0446,1.005
8.380000,0.1261,0.9938,0.0246,1.002
8.384000,0.1244,0.9958,0.0109,1.004
8.389000,0.1266,0.9963,0.0041,1.004
8.395000,0.1224,0.9948,0.0019,1.002
8.398000,0.1212,0.9973,0.0055,1.005
8.404000,0.1268,0.9970,0.0175,1.005
8.411000,0.1261,0.9968,0.0307,1.005
8.414000,0.1254,0.9955,0.0444,1.004
8.419000,0.1290,0.9960,0.0580,1.006
8.453000,0.1302,0.9951,0.0659,1.006
8.454000,0.1315,0.9948,0.0749,1.006
8.454000,0.1293,0.9953,0.0739,1.006
8.454000,0.1261,0.9924,0.0722,1.003
8.455000,0.1244,0.9919,0.0678,1.002
8.455000,0.1307,0.9953,0.0598,1.006
8.455000,0.1351,0.9941,0.0522,1.005
8.457000,0.1434,0.9955,0.0407,1.007
8.462000,0.1503,0.9943,0.0383,1.006
8.467000,0.1556,0.9973,0.0319,1.010
8.472000,0.1537,0.9916,0.0295,1.004
8.478000,0.1544,0.9929,0.0366,1.005
8.482000,0.1376,0.9899,0.0395,1.000
8.487000,0.1476,0.9970,0.0400,1.009
8.494000,0.1388,0.9948,0.0463,1.006
8.497000,0.1197,0.9931,0.0634,1.002
8.502000,0.1132,0.9958,0.0688,1.005
8.506000,0.1090,0.9953,0.0668,1.003
8.511000,0.1002,0.9951,0.0646,1.002
8.516000,0.0924,0.9963,0.0629,1.003
8.521000,0.0902,0.9955,0.0585,1.001
8.528000,0.0980,0.9968,0.0556,1.003
8.531000,0.1014,0.9965,0.0551,1.003
8.536000,0.0958,0.9973,0.0512,1.003
8.570000,0.0922,0.9975,0.0488,1.003
8.571000,0.1002,0.9973,0.0456,1.003
8.571000,0.1039,0.9941,0.0390,1.000
8.571000,0.1171,0.9968,0.0292,1.004
8.571000,0.1117,0.9941,0.0202,1.001
8.572000,0.1000,0.9980,0.0168,1.003
8.572000,0.0980,0.9946,0.0168,1.000
8.575000,0.1083,0.9965,0.0217,1.003
8.582000,0.1092,0.9968,0.0344,1.003
8.584000,0.1058,0.9904,0.0544,0.998
8.590000,0.1000,0.9938,0.0866,1.003
8.595000,0.1036,0.9968,0.0873,1.006
8.600000,0.0953,0.9968,0.0795,1.004
8.605000,0.0797,0.9965,0.0832,1.003
8.610000,0.0765,0.9965,0.0805,1.003
8.614000,0.1029,0.9977,0.0844,1.007
8.619000,0.1403,0.9909,0.0554,1.002
8.644000,0.1403,0.9929,0.0388,1.003
8.645000,0.1337,0.9970,0.0263,1.006
8.645000,0.1266,0.9958,-0.0001,1.004
8.645000,0.1215,0.9973,-0.0123,1.005
8.646000,0.1229,0.9936,-0.0086,1.001
8.649000,0.1302,0.9990,-0.0006,1.007
8.654000,0.1317,0.9963,0.0004,1.005
8.659000,0.1280,0.9946,0.0053,1.003
8.663000,0.1315,0.9943,0.0160,1.003
8.668000,0.1385,0.9941,0.0297,1.004
8.673000,0.1420,0.9995,0.0434,1.010
8.678000,0.1417,0.9980,0.0182,1.008
8.683000,0.1395,0.9953,0.0131,1.005
8.688000,0.1564,0.9951,0.0317,1.008
8.693000,0.1715,0.9936,0.0324,1.009
8.698000,0.1832,0.9855,0.0373,1.003
8.702000,0.1710,0.9890,0.0358,1.004
8.708000,0.1376,0.9970,0.0453,1.007
8.713000,0.1322,0.9955,0.0439,1.005
8.718000,0.1295,0.9955,0.0317,1.004
8.722000,0.1249,0.9948,0.0126,1.003
8.728000,0.1285,0.9941,-0.0001,1.002
8.731000,0.1305,0.9936,-0.0023,1.002
8.737000,0.1312,0.9958,-0.0062,1.004
8.773000,0.1273,1.0014,0.0012,1.009
8.774000,0.0775,1.0121,0.0048,1.015
8.774000,0.0384,1.0041,0.0126,1.005
8.775000,0.0140,1.0261,0.0246,1.026
8.775000,0.0221,0.9931,0.0185,0.994
8.775000,0.0594,0.9885,0.0351,0.991
8.775000,0.1056,1.0026,0.0930,1.012
8.776000,0.1461,0.9882,0.1289,1.007
8.781000,0.1888,0.9833,0.1567,1.013
8.786000,0.2157,0.9860,0.1677,1.023
8.791000,0.2159,0.9799,0.1582,1.016
8.795000,0.2174,0.9890,0.1550,1.024
8.801000,0.2189,0.9916,0.1455,1.026
8.805000,0.2179,0.9955,0.1132,1.025
8.811000,0.2189,0.9943,0.0810,1.021
8.815000,0.2142,0.9890,0.0461,1.013
8.820000,0.2037,0.9894,0.0119,1.010
8.829000,0.1788,1.0019,-0.0242,1.018
8.831000,0.1075,1.0099,-0.0091,1.016
8.837000,0.0555,1.0058,0.0063,1.007
8.840000,0.0438,1.0102,-0.0040,1.011
8.870000,0.0497,1.0002,-0.0018,1.001
8.871000,0.0687,0.9965,-0.0050,0.999
8.871000,0.0773,0.9882,0.0043,0.991
8.871000,0.0904,0.9853,0.0153,0.990
8.872000,0.1048,0.9872,0.0353,0.993
8.872000,0.1092,0.9894,0.0461,0.997
8.874000,0.1132,0.9897,0.0685,0.998
8.879000,0.1163,0.9941,0.0908,1.005
8.884000,0.1251,0.9921,0.1235,1.008
8.889000,0.1354,1.0114,0.1306,1.029
8.894000,0.1542,0.9623,0.0927,0.979
8.899000,0.1859,0.9782,0.1445,1.006
8.904000,0.1781,1.0099,0.2248,1.050
8.909000,0.1632,0.9785,0.1726,1.007
8.913000,0.1527,0.9618,0.0925,0.978
8.918000,0.1427,0.9680,0.1035,0.984
8.924000,0.1202,0.9907,0.1252,1.006
8.929000,0.1036,0.9902,0.1074,1.001
8.933000,0.1022,0.9882,0.0825,0.997
8.938000,0.1110,0.9929,0.0651,1.001
8.979000,0.1044,0.9970,0.0651,1.005
8.980000,0.1019,0.9995,0.0593,1.006
8.980000,0.1080,1.0002,0.0380,1.007
8.981000,0.1114,1.0034,0.0187,1.010
8.981000,0.1180,1.0038,0.0034,1.011
8.982000,0.1246,0.9997,-0.0135,1.008
8.982000,0.1305,0.9977,-0.0264,1.007
8.982000,0.1317,0.9958,-0.0279,1.005
8.982000,0.1312,0.9980,-0.0130,1.007
8.987000,0.1285,1.0012,0.0204,1.010
8.993000,0.1393,1.0329,0.1127,1.048
8.998000,0.1129,0.9975,0.0568,1.005
9.002000,0.0865,0.9902,-0.0003,0.994
9.006000,0.0821,1.0056,0.0327,1.009
9.010000,0.0817,1.0099,0.0475,1.014
9.016000,0.1073,0.9975,0.0158,1.003
9.021000,0.1425,0.9899,0.0136,1.000
9.029000,0.1666,0.9929,0.0214,1.007
9.031000,0.1803,0.9841,0.0305,1.001
9.035000,0.1901,0.9826,0.0419,1.002
9.040000,0.1918,0.9802,0.0598,1.001
9.060000,0.1830,0.9831,0.0778,1.003
9.061000,0.1632,0.9916,0.0915,1.009
9.061000,0.1525,0.9938,0.0956,1.010
9.061000,0.1432,0.9936,0.0974,1.009
9.065000,0.1393,0.9958,0.0976,1.010
9.070000,0.1437,0.9948,0.0925,1.009
9.079000,0.1512,0.9924,0.0781,1.007
9.080000,0.1603,0.9899,0.0676,1.005
9.085000,0.1586,0.9850,0.0556,0.999
9.089000,0.1551,0.9882,0.0522,1.002
9.095000,0.1376,0.9914,0.0473,1.002
9.100000,0.1144,0.9970,0.0471,1.005
9.104000,0.0880,0.9992,0.0458,1.004
9.110000,0.0797,0.9985,0.0490,1.003
9.114000,0.0802,0.9977,0.0585,1.003
9.119000,0.0887,0.9951,0.0634,1.001
9.124000,0.1009,0.9975,0.0666,1.005
9.133000,0.1190,0.9936,0.0746,1.003
9.134000,0.1368,0.9897,0.0681,1.001
9.139000,0.1534,0.9838,0.0676,0.998
9.144000,0.1661,0.9836,0.0695,1.000
9.151000,0.1683,0.9811,0.0827,0.999
9.153000,0.1703,0.9860,0.0959,1.005
9.199000,0.1639,0.9885,0.1027,1.007
9.200000,0.1547,0.9916,0.1020,1.009
9.200000,0.1415,0.9909,0.0956,1.006
9.201000,0.1283,0.9965,0.0915,1.009
9.201000,0.1149,0.9982,0.0829,1.008
9.201000,0.1012,1.0031,0.0737,1.011
9.202000,0.0968,0.9990,0.0632,1.006
9.202000,0.1024,0.9948,0.0554,1.002
9.202000,0.1141,0.9936,0.0539,1.002
9.203000,0.1271,0.9948,0.0507,1.004
9.207000,0.1407,0.9955,0.0659,1.008
9.212000,0.1449,0.9955,0.0693,1.008
9.217000,0.1422,0.9948,0.0717,1.007
9.221000,0.1429,0.9960,0.0759,1.009
9.230000,0.1339,0.9965,0.0734,1.008
9.231000,0.1158,0.9931,0.0703,1.002
9.237000,0.0973,0.9960,0.0620,1.003
9.241000,0.0809,0.9995,0.0502,1.004
9.273000,0.0841,0.9985,0.0449,1.003
9.273000,0.1048,0.9965,0.0449,1.003
9.274000,0.1258,0.9943,0.0417,1.003
9.274000,0.1415,0.9926,0.0407,1.003
9.274000,0.1564,0.9894,0.0405,1.003
9.275000,0.1686,0.9843,0.0493,1.000
9.275000,0.1835,0.9814,0.0590,1.000
9.280000,0.1698,0.9836,0.0700,1.001
9.286000,0.1534,0.9855,0.0786,1.000
9.291000,0.1532,0.9821,0.0861,0.998
9.295000,0.1510,0.9799,0.0900,0.996
9.300000,0.1532,0.9855,0.0908,1.001
9.305000,0.1481,0.9894,0.0822,1.004
9.312000,0.1464,0.9890,0.0744,1.002
9.317000,0.1534,0.9877,0.0783,1.003
9.320000,0.1622,0.9880,0.1005,1.006
9.325000,0.1539,0.9909,0.0974,1.008
9.333000,0.1317,0.9946,0.0798,1.006
9.334000,0.1044,0.9973,0.0568,1.004
9.339000,0.0865,0.9980,0.0461,1.003
9.374000,0.0829,0.9985,0.0453,1.003
9.375000,0.0978,0.9973,0.0429,1.003
9.375000,0.1124,0.9955,0.0451,1.003
9.376000,0.1219,0.9943,0.0468,1.003
9.376000,0.1288,0.9965,0.0561,1.006
9.376000,0.1310,0.9970,0.0646,1.008
9.376000,0.1329,0.9938,0.0712,1.005
9.378000,0.1361,0.9911,0.0717,1.003
9.383000,0.1317,0.9853,0.0607,0.996
9.388000,0.1359,0.9850,0.0649,0.996
9.393000,0.1407,0.9826,0.0693,0.995
9.398000,0.1403,0.9858,0.0695,0.998
9.403000,0.1334,0.9907,0.0749,1.002
9.408000,0.1149,0.9960,0.0683,1.005
9.414000,0.1092,0.9970,0.0617,1.005
9.418000,0.1090,0.9990,0.0624,1.007
9.423000,0.1407,1.0283,0.1613,1.050
9.431000,0.1310,0.9853,0.1113,1.000
9.432000,0.1361,0.9809,0.0368,0.991
9.438000,0.1478,0.9858,0.0463,0.998
9.442000,0.1363,0.9960,0.0668,1.008
9.481000,0.1307,0.9960,0.0620,1.006
9.481000,0.1420,0.9955,0.0515,1.007
9.482000,0.1486,0.9936,0.0502,1.006
9.482000,0.1483,0.9951,0.0593,1.008
9.482000,0.1503,0.9946,0.0673,1.008
9.483000,0.1527,0.9904,0.0717,1.005
9.483000,0.1549,0.9890,0.0781,1.004
9.483000,0.1466,0.9887,0.0805,1.003
9.486000,0.1446,0.9897,0.0759,1.003
9.491000,0.1403,0.9911,0.0617,1.003
9.496000,0.1339,0.9943,0.0529,1.005
9.501000,0.1295,0.9965,0.0549,1.006
9.506000,0.1249,0.9953,0.0529,1.004
9.511000,0.1193,0.9965,0.0600,1.005
9.516000,0.1178,0.9970,0.0727,1.007
9.520000,0.1200,0.9965,0.0788,1.007
9.525000,0.1188,0.9931,0.0773,1.003
9.531000,0.1195,0.9924,0.0639,1.002
9.535000,0.1425,0.9880,0.0615,1.000
9.540000,0.1603,0.9904,0.0698,1.006
9.570000,0.1517,0.9907,0.0717,1.005
9.570000,0.1359,0.9929,0.0744,1.005
9.571000,0.1332,0.9914,0.0803,1.004
9.571000,0.1381,0.9880,0.0900,1.002
9.571000,0.1417,0.9887,0.0937,1.003
9.572000,0.1385,0.9926,0.0986,1.007
9.574000,0.1273,0.9926,0.0759,1.004
9.579000,0.1202,0.9953,0.0627,1.004
9.584000,0.1188,0.9968,0.0512,1.005
9.589000,0.1205,0.9975,0.0431,1.006
9.594000,0.1134,0.9943,0.0405,1.002
9.598000,0.1063,0.9963,0.0341,1.003
9.603000,0.1117,0.9968,0.0295,1.003
9.609000,0.1188,0.9963,0.0280,1.004
9.614000,0.1305,0.9975,0.0300,1.006
9.618000,0.1339,0.9968,0.0373,1.006
9.623000,0.1307,0.9980,0.0358,1.007
9.634000,0.1305,0.9973,0.0309,1.006
9.634000,0.1310,0.9973,0.0265,1.006
9.638000,0.1307,0.9980,0.0278,1.007
9.643000,0.1319,0.9975,0.0361,1.007
9.650000,0.1341,0.9963,0.0397,1.006
9.652000,0.1349,0.9951,0.0468,1.005
9.658000,0.1339,0.9919,0.0578,1.003
9.686000,0.1403,0.9897,0.0690,1.002
9.686000,0.1449,0.9890,0.0781,1.003
9.687000,0.1508,0.9882,0.0859,1.003
9.687000,0.1468,0.9894,0.0742,1.003
9.688000,0.1378,0.9907,0.0632,1.002
9.688000,0.1415,0.9929,0.0690,1.005
9.691000,0.1454,0.9914,0.0566,1.004
9.705000,0.1422,0.9919,0.0544,1.003
9.706000,0.1403,0.9955,0.0595,1.007
9.707000,0.1407,0.9951,0.0588,1.007
9.726000,0.1351,0.9943,0.0544,1.005
9.727000,0.1305,0.9958,0.0519,1.006
9.727000,0.1234,0.9975,0.0510,1.006
9.728000,0.1215,0.9958,0.0475,1.004
9.731000,0.1222,0.9951,0.0505,1.004
9.736000,0.1205,0.9943,0.0585,1.003
9.741000,0.1171,0.9941,0.0588,1.003
9.751000,0.1100,0.9919,0.0624,1.000
9.752000,0.1053,0.9953,0.0707,1.003
9.758000,0.1151,0.9897,0.0759,0.999
9.806000,0.1268,0.9875,0.0859,0.999
9.807000,0.1234,0.9921,0.0959,1.004
9.807000,0.1337,0.9924,0.0986,1.006
9.808000,0.1520,0.9887,0.0959,1.005
9.808000,0.1554,0.9887,0.0886,1.005
9.808000,0.1600,0.9904,0.0932,1.008
9.808000,0.1578,0.9894,0.0927,1.006
9.809000,0.1525,0.9885,0.0959,1.005
9.809000,0.1354,0.9897,0.0742,1.002
9.809000,0.1205,0.9953,0.0634,1.005
9.810000,0.1161,0.9960,0.0478,1.004
9.826000,0.1205,0.9960,0.0380,1.004
9.827000,0.1239,0.9960,0.0392,1.004
9.828000,0.1217,0.9946,0.0458,1.003
9.829000,0.1195,0.9953,0.0580,1.004
9.834000,0.1144,0.9948,0.0678,1.004
9.839000,0.1092,0.9953,0.0712,1.004
9.848000,0.1051,0.9965,0.0742,1.005
9.849000,0.0987,0.9948,0.0681,1.002
9.853000,0.1061,0.9941,0.0539,1.001
9.858000,0.1363,0.9897,0.0488,1.000
9.889000,0.1459,0.9894,0.0563,1.002
9.890000,0.1368,0.9955,0.0595,1.007
9.891000,0.1332,0.9968,0.0649,1.008
9.891000,0.1459,0.9963,0.0756,1.010
9.891000,0.1529,0.9933,0.0829,1.008
9.892000,0.1488,0.9936,0.0810,1.008
9.892000,0.1400,0.9948,0.0761,1.007
9.903000,0.1363,0.9936,0.0693,1.005
9.904000,0.1344,0.9931,0.0561,1.004
9.907000,0.1349,0.9929,0.0456,1.003
9.913000,0.1437,0.9914,0.0427,1.003
9.918000,0.1471,0.9880,0.0410,1.000
9.922000,0.1476,0.9863,0.0412,0.998
9.927000,0.1439,0.9904,0.0419,1.002
9.937000,0.1488,0.9892,0.0493,1.002
9.938000,0.1669,0.9911,0.0715,1.008
9.941000,0.1923,0.9877,0.0080,1.006
9.946000,0.1959,0.9777,-0.1112,1.003
9.951000,0.1696,0.9921,-0.1060,1.012
9.988000,0.1390,1.0026,0.0097,1.012
9.989000,0.0819,1.0251,0.1259,1.036
9.989000,0.0758,1.0117,0.0844,1.018
9.990000,0.0558,0.9963,0.0996,1.003
9.991000,0.0541,0.9926,0.0961,0.999
9.991000,0.0775,0.9921,0.0930,0.999
9.991000,0.1046,0.9941,0.0837,1.003
9.991000,0.1234,0.9960,0.0783,1.007
9.995000,0.1305,0.9968,0.0790,1.008
10.000000,0.1232,0.9958,0.0847,1.007
10.005000,0.1385,0.9943,0.0947,1.008
10.014000,0.1810,0.9765,0.1120,0.999
10.015000,0.1754,0.9748,0.1120,0.997
10.020000,0.1710,0.9714,0.1205,0.994
10.024000,0.1449,0.9958,0.1149,1.013
10.046000,0.1449,0.9731,0.1013,0.989
10.048000,0.1659,0.9848,0.1113,1.005
10.048000,0.1537,0.9885,0.0976,1.005
10.048000,0.1571,0.9904,0.0793,1.006
10.049000,0.1566,0.9948,0.0593,1.009
10.054000,0.1683,0.9958,0.0734,1.013
10.059000,0.1505,0.9970,0.0453,1.009
10.065000,0.1371,0.9909,0.0251,1.001
10.069000,0.1417,0.9809,0.0300,0.992
10.074000,0.1139,0.9975,0.0243,1.004
10.078000,0.0726,1.0104,0.0131,1.013
10.083000,0.1124,0.9958,0.0051,1.002
10.088000,0.1293,0.9941,0.0156,1.003
10.094000,0.1197,0.9951,0.0163,1.002
10.098000,0.1122,0.9992,0.0256,1.006
10.103000,0.1273,0.9968,0.0309,1.005
10.107000,0.1498,0.9960,0.0258,1.008
10.114000,0.1547,0.9933,0.0073,1.005
