time,gFx,gFy,gFz,TgF
0.002000,0.1217,0.9933,0.1079,1.007
0.003000,0.1207,0.9914,0.1081,1.005
0.004000,0.1197,0.9943,0.1066,1.007
0.012000,0.1173,0.9924,0.1064,1.005
0.014000,0.1185,0.9921,0.1088,1.005
0.019000,0.1183,0.9958,0.1064,1.008
0.024000,0.1151,0.9924,0.1064,1.005
0.029000,0.1158,0.9907,0.1000,1.002
0.034000,0.1158,0.9907,0.1003,1.002
0.039000,0.1188,0.9924,0.0964,1.004
0.044000,0.1163,0.9924,0.0949,1.004
0.049000,0.1197,0.9941,0.0978,1.006
0.053000,0.1183,0.9929,0.0993,1.005
0.059000,0.1185,0.9909,0.1032,1.003
0.063000,0.1168,0.9909,0.1027,1.003
0.068000,0.1178,0.9921,0.1035,1.004
0.073000,0.1197,0.9904,0.1042,1.003
0.078000,0.1210,0.9921,0.1052,1.005
0.083000,0.1195,0.9907,0.1049,1.003
0.088000,0.1151,0.9933,0.1044,1.005
0.093000,0.1151,0.9921,0.1022,1.004
0.098000,0.1156,0.9926,0.1035,1.005
0.103000,0.1178,0.9946,0.1059,1.007
0.107000,0.1188,0.9921,0.1030,1.004
0.113000,0.1197,0.9919,0.1030,1.004
0.117000,0.1195,0.9909,0.1037,1.003
0.122000,0.1173,0.9919,0.1035,1.004
0.127000,0.1180,0.9909,0.1020,1.003
0.132000,0.1168,0.9933,0.1057,1.006
0.137000,0.1173,0.9914,0.1076,1.004
0.144000,0.1200,0.9936,0.1047,1.006
0.147000,0.1212,0.9916,0.1035,1.004
0.152000,0.1161,0.9921,0.0993,1.004
0.156000,0.1166,0.9931,0.0996,1.005
0.162000,0.1163,0.9919,0.0959,1.003
0.166000,0.1222,0.9919,0.1030,1.005
0.171000,0.1241,0.9933,0.1039,1.006
0.176000,0.1268,0.9931,0.1064,1.007
0.181000,0.1246,0.9946,0.1059,1.008
0.186000,0.1219,0.9919,0.1064,1.005
0.191000,0.1224,0.9914,0.1059,1.005
0.196000,0.1222,0.9933,0.1061,1.006
0.201000,0.1219,0.9919,0.1047,1.005
0.206000,0.1222,0.9926,0.1039,1.005
0.211000,0.1227,0.9916,0.1032,1.005
0.216000,0.1239,0.9914,0.1025,1.004
0.220000,0.1261,0.9916,0.1010,1.005
0.226000,0.1276,0.9909,0.1035,1.004
0.230000,0.1290,0.9914,0.1035,1.005
0.235000,0.1276,0.9916,0.1044,1.005
0.240000,0.1271,0.9919,0.1042,1.005
0.245000,0.1276,0.9919,0.1035,1.005
0.250000,0.1290,0.9933,0.1000,1.007
0.255000,0.1329,0.9904,0.0976,1.004
0.261000,0.1285,0.9916,0.1015,1.005
0.265000,0.1295,0.9907,0.1008,1.004
0.269000,0.1288,0.9938,0.1005,1.007
0.274000,0.1251,0.9914,0.1003,1.004
0.279000,0.1224,0.9921,0.1030,1.005
0.284000,0.1195,0.9921,0.1032,1.005
0.289000,0.1173,0.9909,0.1032,1.003
0.294000,0.1124,0.9919,0.1081,1.004
0.299000,0.1134,0.9933,0.1086,1.006
0.304000,0.1122,0.9929,0.1076,1.005
0.309000,0.1127,0.9938,0.1066,1.006
0.314000,0.1156,0.9929,0.1035,1.005
0.318000,0.1156,0.9929,0.1008,1.005
0.323000,0.1153,0.9914,0.0983,1.003
0.329000,0.1151,0.9921,0.1008,1.004
0.333000,0.1171,0.9921,0.0986,1.004
0.338000,0.1190,0.9902,0.1027,1.003
0.343000,0.1178,0.9941,0.1061,1.007
0.348000,0.1112,0.9931,0.1052,1.005
0.353000,0.1161,0.9931,0.1057,1.005
0.358000,0.1185,0.9911,0.1042,1.004
0.363000,0.1134,0.9921,0.1039,1.004
0.368000,0.1163,0.9926,0.0993,1.004
0.372000,0.1149,0.9921,0.1020,1.004
0.378000,0.1151,0.9926,0.1022,1.004
0.382000,0.1178,0.9916,0.1000,1.004
0.387000,0.1158,0.9929,0.1030,1.005
0.393000,0.1161,0.9946,0.1052,1.007
0.397000,0.1200,0.9902,0.1027,1.003
0.402000,0.1175,0.9926,0.1047,1.005
0.407000,0.1171,0.9936,0.1044,1.006
0.412000,0.1197,0.9887,0.1020,1.001
0.417000,0.1180,0.9931,0.1022,1.005
0.422000,0.1161,0.9936,0.1025,1.006
0.427000,0.1171,0.9924,0.1035,1.005
0.431000,0.1215,0.9933,0.1066,1.006
0.436000,0.1229,0.9926,0.1059,1.006
0.441000,0.1249,0.9929,0.1057,1.006
0.446000,0.1268,0.9907,0.1013,1.004
0.451000,0.1263,0.9946,0.0978,1.007
0.456000,0.1246,0.9926,0.0996,1.005
0.461000,0.1241,0.9914,0.1013,1.004
0.466000,0.1258,0.9911,0.1017,1.004
0.470000,0.1278,0.9911,0.1027,1.005
0.476000,0.1246,0.9907,0.0996,1.003
0.481000,0.1195,0.9941,0.1003,1.006
0.485000,0.1163,0.9921,0.1013,1.004
0.490000,0.1180,0.9902,0.1017,1.002
0.495000,0.1185,0.9924,0.1032,1.005
0.500000,0.1173,0.9929,0.1035,1.005
0.505000,0.1134,0.9929,0.1030,1.005
0.510000,0.1127,0.9916,0.1047,1.003
0.515000,0.1139,0.9907,0.1032,1.003
0.520000,0.1134,0.9929,0.1013,1.004
0.524000,0.1153,0.9938,0.1013,1.006
0.530000,0.1151,0.9936,0.0988,1.005
0.535000,0.1151,0.9924,0.0986,1.004
0.539000,0.1171,0.9914,0.1003,1.003
0.544000,0.1185,0.9911,0.1003,1.003
0.549000,0.1183,0.9907,0.1025,1.003
0.554000,0.1212,0.9919,0.1064,1.005
0.559000,0.1205,0.9919,0.1066,1.005
0.564000,0.1193,0.9921,0.1052,1.005
0.569000,0.1207,0.9926,0.1076,1.006
0.574000,0.1185,0.9929,0.1064,1.006
0.579000,0.1219,0.9919,0.1037,1.005
0.584000,0.1193,0.9929,0.1032,1.005
0.588000,0.1207,0.9921,0.0998,1.004
0.593000,0.1202,0.9929,0.0939,1.005
0.598000,0.1219,0.9933,0.0983,1.006
0.603000,0.1337,0.9911,0.1035,1.005
0.608000,0.1324,0.9948,0.1059,1.009
0.613000,0.1215,0.9924,0.1032,1.005
0.618000,0.1095,0.9933,0.1003,1.004
0.623000,0.1134,0.9943,0.1000,1.006
0.628000,0.1168,0.9933,0.0966,1.005
0.633000,0.1166,0.9924,0.1013,1.004
0.637000,0.1197,0.9924,0.1044,1.005
0.642000,0.1202,0.9924,0.1005,1.005
0.647000,0.1183,0.9911,0.0942,1.003
0.652000,0.1102,0.9916,0.0927,1.002
0.657000,0.1107,0.9924,0.0978,1.003
0.662000,0.1119,0.9924,0.0964,1.003
0.667000,0.1105,0.9921,0.0937,1.003
0.672000,0.1127,0.9916,0.0937,1.002
0.677000,0.1200,0.9921,0.0939,1.004
0.682000,0.1268,0.9904,0.0947,1.003
0.686000,0.1207,0.9926,0.0991,1.005
0.691000,0.1190,0.9924,0.0996,1.004
0.697000,0.1200,0.9919,0.1025,1.004
0.701000,0.1246,0.9916,0.1042,1.005
0.706000,0.1215,0.9919,0.1071,1.005
0.712000,0.1212,0.9921,0.1071,1.005
0.716000,0.1215,0.9904,0.1049,1.003
0.721000,0.1224,0.9926,0.1086,1.006
0.726000,0.1236,0.9938,0.1066,1.007
0.731000,0.1232,0.9933,0.1059,1.007
0.736000,0.1200,0.9914,0.1008,1.004
0.740000,0.1207,0.9929,0.1003,1.005
0.746000,0.1197,0.9914,0.1005,1.004
0.750000,0.1197,0.9921,0.0983,1.004
0.755000,0.1200,0.9919,0.1017,1.004
0.760000,0.1224,0.9933,0.1039,1.006
0.765000,0.1244,0.9924,0.1039,1.006
0.770000,0.1212,0.9919,0.1057,1.005
0.775000,0.1205,0.9926,0.1086,1.006
0.780000,0.1219,0.9931,0.1079,1.006
0.785000,0.1212,0.9919,0.1071,1.005
0.789000,0.1197,0.9904,0.1057,1.003
0.795000,0.1217,0.9931,0.1057,1.006
0.799000,0.1222,0.9929,0.1057,1.006
0.804000,0.1254,0.9909,0.1003,1.004
0.809000,0.1280,0.9924,0.1010,1.006
0.814000,0.1283,0.9929,0.0991,1.006
0.819000,0.1271,0.9933,0.0991,1.006
0.824000,0.1263,0.9938,0.1010,1.007
0.829000,0.1234,0.9938,0.1047,1.007
0.834000,0.1207,0.9904,0.1025,1.003
0.839000,0.1200,0.9938,0.1035,1.006
0.844000,0.1207,0.9911,0.1027,1.004
0.849000,0.1197,0.9924,0.0996,1.005
0.853000,0.1258,0.9924,0.0976,1.005
0.858000,0.1219,0.9919,0.0986,1.004
0.863000,0.1222,0.9926,0.0971,1.005
0.868000,0.1249,0.9941,0.0974,1.007
0.873000,0.1263,0.9929,0.1027,1.006
0.878000,0.1302,0.9907,0.1042,1.005
0.883000,0.1276,0.9938,0.1042,1.007
0.888000,0.1271,0.9907,0.1054,1.004
0.892000,0.1278,0.9919,0.1044,1.006
0.898000,0.1271,0.9916,0.1005,1.005
0.903000,0.1256,0.9919,0.0991,1.005
0.907000,0.1261,0.9916,0.1010,1.005
0.913000,0.1283,0.9924,0.1000,1.006
0.917000,0.1332,0.9933,0.0978,1.007
0.922000,0.1295,0.9929,0.1005,1.006
0.929000,0.1300,0.9914,0.0996,1.005
0.933000,0.1334,0.9933,0.0971,1.007
0.938000,0.1317,0.9926,0.0978,1.006
0.942000,0.1305,0.9919,0.1003,1.005
0.947000,0.1266,0.9911,0.0988,1.004
0.953000,0.1239,0.9907,0.1017,1.004
0.957000,0.1217,0.9924,0.1027,1.005
0.964000,0.1229,0.9929,0.1017,1.006
0.967000,0.1219,0.9936,0.1015,1.006
0.972000,0.1254,0.9936,0.0969,1.006
0.977000,0.1227,0.9929,0.1013,1.006
0.984000,0.1215,0.9936,0.0991,1.006
0.987000,0.1217,0.9931,0.1005,1.006
0.992000,0.1178,0.9924,0.0988,1.004
0.999000,0.1183,0.9931,0.0986,1.005
1.001000,0.1229,0.9929,0.1022,1.006
1.006000,0.1224,0.9924,0.1032,1.005
1.013000,0.1205,0.9926,0.1032,1.005
1.016000,0.1183,0.9919,0.1017,1.004
1.021000,0.1185,0.9921,0.1000,1.004
1.026000,0.1195,0.9924,0.1035,1.005
1.031000,0.1222,0.9919,0.1044,1.005
1.036000,0.1215,0.9931,0.1059,1.006
1.041000,0.1193,0.9931,0.1054,1.006
1.048000,0.1153,0.9933,0.1049,1.006
1.051000,0.1100,0.9916,0.1020,1.003
1.056000,0.1090,0.9911,0.1005,1.002
1.060000,0.1097,0.9914,0.1000,1.002
1.065000,0.1132,0.9926,0.1022,1.004
1.071000,0.1163,0.9931,0.0998,1.005
1.075000,0.1207,0.9938,0.0981,1.006
1.081000,0.1207,0.9929,0.1037,1.006
1.085000,0.1132,0.9951,0.1047,1.007
1.090000,0.1092,0.9929,0.0998,1.004
1.096000,0.1092,0.9929,0.1042,1.004
1.100000,0.1095,0.9919,0.1000,1.003
1.105000,0.1095,0.9914,0.1003,1.002
1.109000,0.1097,0.9914,0.1005,1.003
1.115000,0.1107,0.9946,0.0976,1.005
1.119000,0.1141,0.9948,0.0983,1.006
1.124000,0.1173,0.9899,0.1013,1.002
1.130000,0.1180,0.9926,0.1010,1.005
1.134000,0.1188,0.9911,0.1039,1.004
1.139000,0.1173,0.9909,0.1013,1.003
1.144000,0.1161,0.9929,0.1005,1.005
1.149000,0.1149,0.9919,0.1008,1.004
1.154000,0.1200,0.9931,0.0952,1.005
1.159000,0.1254,0.9911,0.0949,1.004
1.165000,0.1244,0.9941,0.0961,1.006
1.169000,0.1258,0.9911,0.0971,1.004
1.174000,0.1244,0.9907,0.1008,1.004
1.179000,0.1197,0.9933,0.1010,1.006
1.184000,0.1222,0.9921,0.1000,1.005
1.188000,0.1193,0.9941,0.0991,1.006
1.193000,0.1200,0.9933,0.0983,1.005
1.198000,0.1183,0.9929,0.0961,1.004
1.203000,0.1185,0.9919,0.0956,1.004
1.208000,0.1197,0.9931,0.0971,1.005
1.213000,0.1251,0.9936,0.0971,1.006
1.218000,0.1254,0.9941,0.0983,1.007
1.222000,0.1229,0.9931,0.1015,1.006
1.227000,0.1234,0.9909,0.1032,1.004
1.233000,0.1219,0.9921,0.1069,1.005
1.237000,0.1300,0.9911,0.1054,1.005
1.242000,0.1263,0.9914,0.1096,1.005
1.249000,0.1195,0.9955,0.1052,1.008
1.253000,0.1092,0.9911,0.1000,1.002
1.257000,0.1097,0.9904,0.1013,1.002
1.261000,0.1156,0.9929,0.1000,1.005
1.269000,0.1183,0.9943,0.0986,1.006
1.272000,0.1234,0.9924,0.0976,1.005
1.276000,0.1283,0.9897,0.1020,1.003
1.281000,0.1271,0.9960,0.1052,1.010
1.286000,0.1405,0.9909,0.1083,1.007
1.291000,0.1327,0.9926,0.1130,1.008
1.296000,0.1119,0.9911,0.1108,1.004
1.301000,0.1078,0.9926,0.1074,1.004
1.306000,0.1193,0.9941,0.1047,1.007
1.310000,0.1217,0.9911,0.1027,1.004
1.316000,0.1200,0.9946,0.0981,1.007
1.320000,0.1161,0.9936,0.0932,1.005
1.326000,0.1244,0.9929,0.0944,1.005
1.330000,0.1319,0.9919,0.1010,1.006
1.335000,0.1249,0.9909,0.1035,1.004
1.340000,0.1132,0.9936,0.1032,1.005
1.345000,0.1244,0.9929,0.1052,1.006
1.350000,0.1295,0.9931,0.1105,1.008
1.355000,0.1202,0.9931,0.1108,1.006
1.360000,0.1171,0.9907,0.1025,1.003
1.364000,0.1136,0.9909,0.0947,1.002
1.369000,0.1122,0.9924,0.1057,1.004
1.375000,0.1149,0.9911,0.1064,1.003
1.380000,0.1068,0.9919,0.0976,1.002
1.385000,0.0985,0.9931,0.1030,1.003
1.389000,0.1078,0.9933,0.1061,1.005
1.394000,0.1151,0.9929,0.1039,1.005
1.399000,0.1132,0.9936,0.1027,1.005
1.404000,0.1105,0.9931,0.0988,1.004
1.408000,0.1173,0.9931,0.0981,1.005
1.414000,0.1197,0.9936,0.1061,1.006
1.419000,0.1178,0.9907,0.1027,1.003
1.424000,0.1092,0.9938,0.0991,1.005
1.430000,0.1166,0.9909,0.1035,1.003
1.434000,0.1322,0.9899,0.1017,1.004
1.438000,0.1371,0.9924,0.0976,1.007
1.443000,0.1163,0.9919,0.0961,1.003
1.449000,0.1022,0.9936,0.0998,1.004
1.453000,0.1100,0.9924,0.1032,1.004
1.458000,0.1158,0.9941,0.0988,1.006
1.467000,0.1229,0.9921,0.0949,1.004
1.468000,0.1256,0.9955,0.0991,1.008
1.473000,0.1285,0.9919,0.0988,1.005
1.477000,0.1268,0.9911,0.0952,1.004
1.486000,0.1163,0.9916,0.0937,1.003
1.487000,0.1058,0.9914,0.0961,1.002
1.492000,0.1044,0.9933,0.0978,1.004
1.498000,0.1139,0.9933,0.0996,1.005
1.502000,0.1215,0.9919,0.0920,1.004
1.507000,0.1232,0.9931,0.0942,1.005
1.512000,0.1239,0.9948,0.0910,1.007
1.518000,0.1266,0.9929,0.0905,1.005
1.521000,0.1273,0.9941,0.0917,1.006
1.527000,0.1285,0.9911,0.1013,1.005
1.532000,0.1185,0.9948,0.1042,1.007
1.537000,0.1202,0.9919,0.1086,1.005
1.542000,0.1332,0.9929,0.1118,1.008
1.551000,0.1344,0.9909,0.1122,1.006
1.552000,0.1310,0.9921,0.1086,1.007
1.556000,0.1332,0.9924,0.1061,1.007
1.561000,0.1368,0.9929,0.1047,1.008
1.566000,0.1361,0.9911,0.1049,1.006
1.571000,0.1312,0.9907,0.1103,1.005
1.576000,0.1319,0.9911,0.1083,1.006
1.581000,0.1271,0.9914,0.1059,1.005
1.585000,0.1266,0.9933,0.1035,1.007
1.590000,0.1288,0.9919,0.1035,1.006
1.597000,0.1278,0.9931,0.1035,1.007
1.601000,0.1317,0.9907,0.1015,1.005
1.605000,0.1322,0.9933,0.0988,1.007
1.610000,0.1337,0.9926,0.0954,1.006
1.615000,0.1300,0.9936,0.0930,1.006
1.620000,0.1305,0.9948,0.0920,1.008
1.625000,0.1302,0.9919,0.0961,1.005
1.630000,0.1290,0.9941,0.0976,1.007
1.634000,0.1288,0.9938,0.1022,1.007
1.639000,0.1273,0.9921,0.1039,1.006
1.644000,0.1251,0.9911,0.1020,1.004
1.653000,0.1244,0.9916,0.1015,1.005
1.655000,0.1244,0.9941,0.1052,1.007
1.660000,0.1246,0.9946,0.1074,1.008
1.669000,0.1271,0.9911,0.1030,1.005
1.670000,0.1349,0.9902,0.1042,1.005
1.678000,0.1410,0.9897,0.1032,1.005
1.681000,0.1373,0.9921,0.1042,1.007
1.684000,0.1366,0.9924,0.1032,1.007
1.689000,0.1378,0.9929,0.0978,1.007
1.694000,0.1346,0.9919,0.0915,1.005
1.698000,0.1300,0.9921,0.0939,1.005
1.703000,0.1327,0.9916,0.0949,1.005
1.708000,0.1344,0.9933,0.0978,1.007
1.713000,0.1278,0.9916,0.1025,1.005
1.719000,0.1224,0.9931,0.1044,1.006
1.724000,0.1219,0.9919,0.1047,1.005
1.728000,0.1200,0.9924,0.1039,1.005
1.734000,0.1180,0.9953,0.0983,1.007
1.738000,0.1207,0.9919,0.1017,1.004
1.744000,0.1241,0.9938,0.1005,1.007
1.756000,0.1180,0.9921,0.0988,1.004
1.757000,0.1100,0.9929,0.0937,1.003
1.758000,0.1090,0.9931,0.0961,1.004
1.764000,0.1156,0.9933,0.0961,1.005
1.768000,0.1173,0.9943,0.0976,1.006
1.773000,0.1219,0.9924,0.1015,1.005
1.777000,0.1256,0.9909,0.1022,1.004
1.783000,0.1256,0.9924,0.1039,1.006
1.787000,0.1197,0.9936,0.0978,1.006
1.792000,0.1105,0.9931,0.0930,1.004
1.796000,0.1122,0.9933,0.0988,1.005
1.801000,0.1246,0.9929,0.0974,1.005
1.807000,0.1219,0.9936,0.1000,1.006
1.811000,0.1219,0.9941,0.1015,1.007
1.816000,0.1256,0.9924,0.1010,1.005
1.822000,0.1215,0.9926,0.1037,1.005
1.826000,0.1185,0.9924,0.1108,1.006
1.832000,0.1293,0.9926,0.1079,1.007
1.836000,0.1271,0.9921,0.1057,1.006
1.841000,0.1195,0.9933,0.1054,1.006
1.846000,0.1183,0.9911,0.0964,1.003
1.852000,0.1127,0.9943,0.0956,1.005
1.856000,0.1256,0.9921,0.0952,1.005
1.861000,0.1300,0.9936,0.0969,1.007
1.867000,0.1188,0.9931,0.1000,1.005
1.870000,0.1117,0.9924,0.1003,1.004
1.876000,0.1034,0.9955,0.0983,1.006
1.881000,0.1158,0.9924,0.1025,1.004
1.886000,0.1305,0.9909,0.1013,1.005
1.891000,0.1175,0.9926,0.1008,1.005
1.895000,0.1078,0.9911,0.0932,1.001
1.900000,0.1056,0.9953,0.0986,1.006
1.904000,0.1219,0.9936,0.0954,1.006
1.910000,0.1234,0.9916,0.0912,1.003
1.923000,0.1234,0.9916,0.0912,1.003
1.924000,0.1234,0.9916,0.0912,1.003
1.928000,0.1234,0.9916,0.0912,1.003
1.934000,0.1234,0.9916,0.0912,1.003
1.938000,0.1151,0.9911,0.1066,1.003
1.943000,0.1212,0.9887,0.0949,1.001
1.951000,0.1222,0.9929,0.1079,1.006
1.953000,0.1256,0.9911,0.0966,1.004
1.958000,0.1239,0.9909,0.1039,1.004
1.963000,0.1244,0.9897,0.1015,1.003
1.969000,0.1224,0.9924,0.1086,1.006
1.972000,0.1273,0.9916,0.1076,1.006
1.977000,0.1246,0.9911,0.1042,1.004
1.982000,0.1293,0.9909,0.1027,1.005
1.987000,0.1290,0.9919,0.1015,1.005
1.993000,0.1307,0.9897,0.1010,1.003
1.998000,0.1363,0.9924,0.1015,1.007
2.002000,0.1378,0.9907,0.1049,1.006
2.006000,0.1341,0.9916,0.1069,1.006
2.012000,0.1293,0.9899,0.1108,1.004
2.017000,0.1307,0.9907,0.1120,1.006
2.021000,0.1337,0.9894,0.1113,1.005
2.026000,0.1298,0.9919,0.1069,1.006
2.031000,0.1256,0.9894,0.1015,1.003
2.036000,0.1236,0.9926,0.0978,1.005
2.041000,0.1200,0.9926,0.0969,1.005
2.046000,0.1180,0.9924,0.0976,1.004
2.051000,0.1183,0.9919,0.1005,1.004
2.056000,0.1171,0.9909,0.1020,1.003
2.061000,0.1217,0.9921,0.1057,1.005
2.068000,0.1261,0.9919,0.1032,1.005
2.073000,0.1293,0.9911,0.1044,1.005
2.076000,0.1300,0.9914,0.1069,1.006
2.082000,0.1334,0.9931,0.1054,1.008
2.087000,0.1295,0.9914,0.1042,1.005
2.091000,0.1261,0.9907,0.1020,1.004
2.095000,0.1293,0.9916,0.1052,1.006
2.102000,0.1258,0.9911,0.1022,1.004
2.106000,0.1215,0.9911,0.1020,1.004
2.110000,0.1185,0.9929,0.1005,1.005
2.116000,0.1188,0.9914,0.1032,1.004
2.119000,0.1180,0.9904,0.1042,1.003
2.124000,0.1178,0.9924,0.1037,1.005
2.129000,0.1185,0.9914,0.1025,1.004
2.134000,0.1144,0.9904,0.1039,1.002
2.139000,0.1151,0.9926,0.1049,1.005
2.144000,0.1168,0.9899,0.1030,1.002
2.150000,0.1110,0.9914,0.1025,1.003
2.154000,0.1061,0.9914,0.1049,1.003
2.158000,0.1002,0.9931,0.1042,1.004
2.164000,0.0997,0.9914,0.1027,1.002
2.169000,0.1046,0.9924,0.1044,1.003
2.174000,0.1097,0.9924,0.1042,1.004
2.179000,0.1136,0.9902,0.1049,1.002
2.184000,0.1119,0.9936,0.1057,1.005
2.189000,0.1092,0.9943,0.1052,1.006
2.193000,0.1085,0.9921,0.1059,1.004
2.198000,0.1124,0.9902,0.1057,1.002
2.203000,0.1168,0.9914,0.1052,1.004
2.208000,0.1185,0.9916,0.1037,1.004
2.212000,0.1141,0.9914,0.1032,1.003
2.219000,0.1102,0.9921,0.1027,1.004
2.222000,0.1132,0.9924,0.1047,1.004
2.227000,0.1168,0.9909,0.1013,1.003
2.232000,0.1171,0.9902,0.1020,1.002
2.237000,0.1180,0.9880,0.1013,1.000
2.242000,0.1236,0.9931,0.1030,1.006
2.247000,0.1234,0.9911,0.1037,1.004
2.252000,0.1197,0.9909,0.1049,1.004
2.257000,0.1244,0.9914,0.1074,1.005
2.262000,0.1263,0.9897,0.1079,1.004
2.267000,0.1246,0.9877,0.1093,1.002
2.271000,0.1239,0.9892,0.1098,1.003
2.277000,0.1239,0.9902,0.1074,1.004
2.285000,0.1254,0.9926,0.1059,1.006
2.287000,0.1290,0.9894,0.1042,1.003
2.292000,0.1283,0.9902,0.1017,1.004
2.297000,0.1241,0.9909,0.1013,1.004
2.301000,0.1222,0.9894,0.1039,1.002
2.306000,0.1219,0.9904,0.1042,1.003
2.310000,0.1244,0.9904,0.1025,1.003
2.316000,0.1256,0.9919,0.1030,1.005
2.320000,0.1283,0.9897,0.1013,1.003
2.325000,0.1271,0.9914,0.1054,1.005
2.330000,0.1263,0.9926,0.1049,1.006
2.335000,0.1249,0.9909,0.1052,1.004
2.340000,0.1244,0.9909,0.1071,1.004
2.345000,0.1207,0.9919,0.1083,1.005
2.350000,0.1200,0.9921,0.1083,1.005
2.355000,0.1195,0.9921,0.1059,1.005
2.362000,0.1222,0.9931,0.1049,1.006
2.369000,0.1200,0.9924,0.1042,1.005
2.369000,0.1229,0.9916,0.1032,1.005
2.375000,0.1268,0.9909,0.1044,1.004
2.379000,0.1266,0.9921,0.1054,1.006
2.384000,0.1244,0.9911,0.1069,1.005
2.389000,0.1232,0.9911,0.1069,1.004
2.394000,0.1217,0.9904,0.1081,1.004
2.401000,0.1227,0.9899,0.1071,1.003
2.403000,0.1210,0.9909,0.1059,1.004
2.409000,0.1202,0.9919,0.1054,1.005
2.414000,0.1207,0.9907,0.1015,1.003
2.419000,0.1180,0.9929,0.0974,1.005
2.423000,0.1173,0.9911,0.0959,1.003
2.428000,0.1183,0.9919,0.0964,1.004
2.436000,0.1151,0.9919,0.1020,1.004
2.438000,0.1173,0.9921,0.0996,1.004
2.443000,0.1171,0.9909,0.1015,1.003
2.452000,0.1212,0.9919,0.1057,1.005
2.454000,0.1254,0.9909,0.1049,1.004
2.457000,0.1234,0.9919,0.1047,1.005
2.463000,0.1261,0.9911,0.1039,1.005
2.467000,0.1232,0.9921,0.1052,1.005
2.473000,0.1210,0.9924,0.1074,1.005
2.478000,0.1202,0.9902,0.1008,1.003
2.483000,0.1200,0.9914,0.1000,1.004
2.489000,0.1210,0.9911,0.1008,1.004
2.492000,0.1212,0.9916,0.1030,1.004
2.497000,0.1212,0.9916,0.1052,1.005
2.502000,0.1168,0.9916,0.1042,1.004
2.506000,0.1171,0.9926,0.1069,1.005
2.512000,0.1210,0.9904,0.1091,1.004
2.516000,0.1193,0.9911,0.1052,1.004
2.521000,0.1195,0.9892,0.1025,1.002
2.526000,0.1202,0.9929,0.1010,1.005
2.531000,0.1241,0.9914,0.0996,1.004
2.535000,0.1200,0.9907,0.0986,1.003
2.541000,0.1183,0.9919,0.0978,1.004
2.546000,0.1185,0.9904,0.0993,1.002
2.552000,0.1207,0.9899,0.1032,1.003
2.555000,0.1188,0.9904,0.1039,1.003
2.562000,0.1207,0.9907,0.1054,1.004
2.566000,0.1217,0.9924,0.1061,1.005
2.573000,0.1236,0.9926,0.1044,1.006
2.575000,0.1263,0.9904,0.1020,1.004
2.580000,0.1254,0.9911,0.0993,1.004
2.585000,0.1261,0.9914,0.0991,1.004
2.590000,0.1290,0.9938,0.1022,1.007
2.594000,0.1249,0.9907,0.1061,1.004
2.600000,0.1195,0.9916,0.1057,1.004
2.605000,0.1151,0.9909,0.1071,1.003
2.610000,0.1173,0.9909,0.1030,1.003
2.615000,0.1178,0.9931,0.0981,1.005
2.620000,0.1156,0.9909,0.0964,1.002
2.624000,0.1129,0.9921,0.0991,1.003
2.629000,0.1153,0.9919,0.1032,1.004
2.635000,0.1185,0.9907,0.1081,1.004
2.638000,0.1175,0.9931,0.1079,1.006
2.644000,0.1190,0.9916,0.1066,1.004
2.649000,0.1227,0.9914,0.1064,1.005
2.653000,0.1263,0.9916,0.1005,1.005
2.658000,0.1256,0.9914,0.0991,1.004
2.663000,0.1232,0.9919,0.0966,1.004
2.668000,0.1222,0.9914,0.0934,1.003
2.673000,0.1205,0.9914,0.0956,1.003
2.678000,0.1205,0.9931,0.0954,1.005
2.683000,0.1202,0.9914,0.0983,1.003
2.687000,0.1193,0.9899,0.1010,1.002
2.693000,0.1158,0.9907,0.1064,1.003
2.698000,0.1144,0.9892,0.1083,1.002
2.702000,0.1161,0.9904,0.1086,1.003
2.707000,0.1146,0.9916,0.1086,1.004
2.712000,0.1158,0.9926,0.1052,1.005
2.719000,0.1173,0.9907,0.0998,1.003
2.722000,0.1193,0.9911,0.1010,1.003
2.727000,0.1236,0.9899,0.1003,1.003
2.733000,0.1249,0.9907,0.1003,1.004
2.736000,0.1249,0.9894,0.1037,1.003
2.742000,0.1241,0.9914,0.1020,1.004
2.747000,0.1229,0.9916,0.1010,1.004
2.752000,0.1215,0.9909,0.1020,1.004
2.756000,0.1217,0.9911,0.1035,1.004
2.761000,0.1205,0.9911,0.1039,1.004
2.770000,0.1241,0.9924,0.1035,1.005
2.771000,0.1244,0.9907,0.1037,1.004
2.776000,0.1180,0.9916,0.1020,1.004
2.781000,0.1190,0.9911,0.1017,1.003
2.786000,0.1232,0.9911,0.1020,1.004
2.791000,0.1234,0.9919,0.1005,1.005
2.796000,0.1249,0.9904,0.1032,1.004
2.801000,0.1236,0.9924,0.1047,1.006
2.805000,0.1229,0.9897,0.1061,1.003
2.810000,0.1156,0.9894,0.1008,1.001
2.815000,0.1190,0.9890,0.1132,1.003
2.820000,0.1195,0.9916,0.1166,1.006
2.824000,0.1161,0.9907,0.1113,1.004
2.830000,0.1134,0.9911,0.1027,1.003
2.835000,0.1139,0.9902,0.0956,1.001
2.840000,0.1166,0.9907,0.0925,1.002
2.845000,0.1146,0.9924,0.0991,1.004
2.849000,0.1188,0.9916,0.0971,1.003
2.855000,0.1183,0.9909,0.0969,1.003
2.859000,0.1129,0.9911,0.0971,1.002
2.864000,0.1090,0.9926,0.0969,1.003
2.869000,0.1041,0.9921,0.1118,1.004
2.874000,0.1190,0.9916,0.1140,1.005
2.879000,0.1210,0.9907,0.1188,1.005
2.884000,0.1197,0.9933,0.1154,1.007
2.888000,0.1200,0.9926,0.1081,1.006
2.893000,0.1332,0.9882,0.1057,1.003
2.899000,0.1349,0.9926,0.0961,1.006
2.903000,0.1310,0.9931,0.0905,1.006
2.907000,0.1290,0.9931,0.0898,1.005
2.913000,0.1261,0.9909,0.0886,1.003
2.919000,0.1222,0.9924,0.0871,1.004
2.923000,0.1197,0.9902,0.0778,1.000
2.927000,0.1307,0.9926,0.0917,1.005
2.933000,0.1407,0.9892,0.0854,1.003
2.937000,0.1315,0.9914,0.0908,1.004
2.942000,0.1263,0.9921,0.0861,1.004
2.947000,0.1283,0.9907,0.0959,1.004
2.952000,0.1319,0.9909,0.0974,1.004
2.957000,0.1298,0.9894,0.0993,1.003
2.970000,0.1298,0.9894,0.0993,1.003
2.970000,0.1298,0.9894,0.0993,1.003
2.975000,0.1298,0.9894,0.0993,1.003
2.981000,0.1298,0.9894,0.0993,1.003
2.984000,0.1217,0.9933,0.0983,1.006
2.989000,0.1271,0.9897,0.0952,1.002
2.995000,0.1327,0.9902,0.0949,1.004
3.000000,0.1305,0.9916,0.0930,1.004
3.004000,0.1251,0.9926,0.0842,1.004
3.010000,0.1244,0.9921,0.0800,1.003
3.014000,0.1266,0.9921,0.0829,1.004
3.019000,0.1298,0.9936,0.0859,1.006
3.024000,0.1312,0.9916,0.0854,1.004
3.029000,0.1256,0.9948,0.0825,1.006
3.035000,0.1319,0.9946,0.0844,1.007
3.039000,0.1344,0.9921,0.0859,1.005
3.044000,0.1290,0.9904,0.0886,1.003
3.049000,0.1234,0.9899,0.0878,1.001
3.053000,0.1249,0.9907,0.0942,1.003
3.058000,0.1246,0.9911,0.0949,1.003
3.063000,0.1229,0.9931,0.1010,1.006
3.071000,0.1215,0.9936,0.1000,1.006
3.073000,0.1185,0.9943,0.1000,1.006
3.078000,0.1124,0.9951,0.1020,1.007
3.084000,0.1197,0.9948,0.1079,1.008
3.090000,0.1227,0.9909,0.1091,1.004
3.092000,0.1205,0.9929,0.1049,1.006
3.098000,0.1207,0.9916,0.1086,1.005
3.103000,0.1246,0.9941,0.1069,1.008
3.107000,0.1227,0.9933,0.1032,1.006
3.112000,0.1171,0.9929,0.0983,1.005
3.117000,0.1139,0.9919,0.1000,1.003
3.122000,0.1146,0.9916,0.1000,1.003
3.127000,0.1112,0.9943,0.0976,1.005
3.131000,0.1088,0.9926,0.0956,1.003
3.137000,0.1083,0.9914,0.0949,1.002
3.142000,0.1100,0.9926,0.0939,1.003
3.147000,0.1166,0.9933,0.0949,1.005
3.152000,0.1197,0.9914,0.0937,1.003
3.156000,0.1197,0.9919,0.0944,1.004
3.162000,0.1190,0.9936,0.0971,1.005
3.170000,0.1161,0.9931,0.0974,1.005
3.172000,0.1168,0.9911,0.1013,1.003
3.176000,0.1158,0.9911,0.1017,1.003
3.181000,0.1139,0.9929,0.1059,1.005
3.186000,0.1163,0.9921,0.0993,1.004
3.191000,0.1175,0.9936,0.0983,1.005
3.195000,0.1180,0.9936,0.0996,1.006
3.200000,0.1175,0.9931,0.0961,1.005
3.206000,0.1173,0.9936,0.0954,1.005
3.211000,0.1205,0.9924,0.1025,1.005
3.215000,0.1236,0.9926,0.1015,1.005
3.220000,0.1239,0.9909,0.1008,1.004
3.225000,0.1251,0.9929,0.0986,1.006
3.230000,0.1224,0.9929,0.0966,1.005
3.235000,0.1190,0.9941,0.0898,1.005
3.240000,0.1178,0.9929,0.0891,1.004
3.245000,0.1215,0.9926,0.0939,1.004
3.254000,0.1193,0.9936,0.0956,1.005
3.255000,0.1139,0.9916,0.1008,1.003
3.260000,0.1114,0.9941,0.0991,1.005
3.265000,0.1132,0.9916,0.0964,1.003
3.270000,0.1144,0.9929,0.0998,1.004
3.274000,0.1095,0.9914,0.0954,1.002
3.279000,0.1080,0.9929,0.0991,1.004
3.284000,0.1119,0.9936,0.0983,1.005
3.289000,0.1153,0.9929,0.0991,1.004
3.294000,0.1195,0.9943,0.0996,1.006
3.299000,0.1236,0.9919,0.1005,1.005
3.304000,0.1254,0.9902,0.0959,1.003
3.309000,0.1239,0.9931,0.0986,1.006
3.314000,0.1224,0.9926,0.1013,1.005
3.319000,0.1219,0.9936,0.1013,1.006
3.324000,0.1161,0.9926,0.1017,1.005
3.329000,0.1156,0.9904,0.1025,1.002
3.334000,0.1141,0.9941,0.1005,1.006
3.338000,0.1180,0.9936,0.0974,1.005
3.343000,0.1173,0.9931,0.0966,1.005
3.348000,0.1153,0.9929,0.0976,1.004
3.354000,0.1144,0.9929,0.1010,1.005
3.358000,0.1205,0.9909,0.0947,1.003
3.363000,0.1166,0.9951,0.0922,1.006
3.371000,0.1188,0.9911,0.0930,1.003
3.374000,0.1190,0.9929,0.0895,1.004
3.379000,0.1190,0.9926,0.0966,1.004
3.382000,0.1205,0.9914,0.0969,1.003
3.387000,0.1205,0.9919,0.0998,1.004
3.393000,0.1195,0.9921,0.1025,1.005
3.397000,0.1183,0.9948,0.0991,1.007
3.402000,0.1193,0.9919,0.1010,1.004
3.407000,0.1188,0.9924,0.0954,1.004
3.412000,0.1241,0.9909,0.0915,1.003
3.419000,0.1266,0.9924,0.0900,1.004
3.423000,0.1334,0.9936,0.0920,1.007
3.428000,0.1373,0.9916,0.0974,1.006
3.432000,0.1395,0.9909,0.0976,1.005
3.436000,0.1363,0.9916,0.1061,1.007
3.441000,0.1290,0.9929,0.1079,1.007
3.446000,0.1273,0.9904,0.1025,1.004
3.452000,0.1290,0.9919,0.1035,1.006
3.456000,0.1315,0.9909,0.1030,1.005
3.461000,0.1356,0.9919,0.1010,1.006
3.465000,0.1395,0.9929,0.0969,1.007
3.471000,0.1385,0.9929,0.0952,1.007
3.476000,0.1346,0.9929,0.0922,1.006
3.480000,0.1341,0.9916,0.0927,1.005
3.486000,0.1310,0.9902,0.0956,1.003
3.490000,0.1224,0.9919,0.1003,1.004
3.495000,0.1210,0.9916,0.1020,1.004
3.501000,0.1232,0.9933,0.1044,1.006
3.507000,0.1300,0.9919,0.1049,1.006
3.510000,0.1278,0.9926,0.1049,1.006
3.515000,0.1241,0.9933,0.0991,1.006
3.520000,0.1215,0.9919,0.0974,1.004
3.525000,0.1197,0.9946,0.0976,1.006
3.530000,0.1190,0.9919,0.1008,1.004
3.535000,0.1263,0.9921,0.1015,1.005
3.539000,0.1283,0.9919,0.1020,1.005
3.545000,0.1298,0.9902,0.1017,1.004
3.550000,0.1315,0.9914,0.0954,1.005
3.554000,0.1263,0.9921,0.0947,1.005
3.559000,0.1288,0.9909,0.0949,1.004
3.564000,0.1300,0.9933,0.1017,1.007
3.574000,0.1278,0.9941,0.0981,1.007
3.575000,0.1271,0.9911,0.0969,1.004
3.579000,0.1268,0.9911,0.1039,1.005
3.584000,0.1251,0.9904,0.1032,1.004
3.589000,0.1232,0.9921,0.1008,1.005
3.593000,0.1229,0.9929,0.1017,1.006
3.598000,0.1217,0.9936,0.1008,1.006
3.603000,0.1205,0.9933,0.0974,1.005
3.608000,0.1227,0.9933,0.0976,1.006
3.613000,0.1175,0.9938,0.0956,1.005
3.618000,0.1178,0.9941,0.0971,1.006
3.623000,0.1151,0.9941,0.0969,1.005
3.628000,0.1122,0.9933,0.1000,1.005
3.632000,0.1122,0.9909,0.1010,1.002
3.637000,0.1144,0.9919,0.0976,1.003
3.643000,0.1153,0.9936,0.0983,1.005
3.648000,0.1139,0.9926,0.1000,1.004
3.658000,0.1149,0.9929,0.0981,1.004
3.659000,0.1183,0.9926,0.0966,1.004
3.662000,0.1212,0.9914,0.1025,1.004
3.668000,0.1178,0.9943,0.1059,1.007
3.671000,0.1175,0.9914,0.1017,1.004
3.677000,0.1153,0.9914,0.1010,1.003
3.682000,0.1158,0.9933,0.1015,1.005
3.687000,0.1175,0.9948,0.0976,1.006
3.692000,0.1219,0.9943,0.1003,1.007
3.697000,0.1295,0.9948,0.0983,1.008
3.704000,0.1324,0.9929,0.0949,1.006
3.706000,0.1329,0.9943,0.0974,1.008
3.711000,0.1256,0.9924,0.0954,1.005
3.716000,0.1197,0.9943,0.0905,1.006
3.721000,0.1134,0.9924,0.0934,1.003
3.726000,0.1100,0.9929,0.0964,1.004
3.731000,0.1200,0.9914,0.0978,1.003
3.737000,0.1161,0.9921,0.1030,1.004
3.741000,0.1105,0.9924,0.0981,1.003
3.746000,0.1127,0.9926,0.0986,1.004
3.755000,0.1161,0.9931,0.1015,1.005
3.756000,0.1141,0.9919,0.1042,1.004
3.760000,0.1158,0.9938,0.1061,1.006
3.766000,0.1202,0.9926,0.1079,1.006
3.770000,0.1185,0.9921,0.1052,1.005
3.775000,0.1132,0.9933,0.1030,1.005
3.780000,0.1132,0.9929,0.0991,1.004
3.785000,0.1139,0.9933,0.0956,1.004
3.790000,0.1146,0.9919,0.0932,1.003
3.795000,0.1183,0.9929,0.0910,1.004
3.800000,0.1219,0.9926,0.0927,1.004
3.804000,0.1207,0.9933,0.0937,1.005
3.809000,0.1205,0.9929,0.0949,1.005
3.814000,0.1219,0.9931,0.0934,1.005
3.820000,0.1290,0.9897,0.0942,1.002
3.824000,0.1305,0.9929,0.0978,1.006
3.829000,0.1293,0.9946,0.0976,1.008
3.835000,0.1222,0.9926,0.0978,1.005
3.838000,0.1197,0.9919,0.1015,1.004
3.844000,0.1234,0.9931,0.1044,1.006
3.848000,0.1224,0.9938,0.1069,1.007
3.854000,0.1158,0.9926,0.1047,1.005
3.858000,0.1161,0.9946,0.1037,1.007
3.863000,0.1190,0.9921,0.1032,1.005
3.874000,0.1232,0.9902,0.1025,1.003
3.878000,0.1215,0.9907,0.0893,1.002
3.878000,0.1222,0.9938,0.0883,1.005
3.883000,0.1256,0.9941,0.0878,1.006
3.889000,0.1283,0.9926,0.0873,1.005
3.892000,0.1251,0.9936,0.0900,1.005
3.898000,0.1217,0.9943,0.0939,1.006
3.902000,0.1190,0.9938,0.0937,1.005
3.907000,0.1168,0.9926,0.0934,1.004
3.913000,0.1183,0.9909,0.0974,1.003
3.919000,0.1144,0.9929,0.1035,1.005
3.922000,0.1139,0.9919,0.1044,1.004
3.927000,0.1117,0.9911,0.1042,1.003
3.933000,0.1100,0.9911,0.1022,1.002
3.937000,0.1112,0.9943,0.1003,1.006
3.942000,0.1149,0.9936,0.1052,1.006
3.947000,0.1127,0.9921,0.1064,1.004
3.952000,0.1095,0.9924,0.1076,1.004
3.956000,0.1149,0.9921,0.1049,1.004
3.962000,0.1097,0.9938,0.1010,1.005
3.966000,0.1092,0.9926,0.0983,1.003
3.972000,0.1088,0.9929,0.0981,1.004
3.976000,0.1051,0.9938,0.1008,1.004
3.980000,0.1175,0.9916,0.0981,1.003
3.986000,0.1239,0.9941,0.0905,1.006
3.990000,0.1236,0.9919,0.0834,1.003
3.996000,0.1244,0.9933,0.0803,1.004
4.000000,0.1263,0.9943,0.0803,1.006
4.007000,0.1249,0.9948,0.0822,1.006
4.011000,0.1171,0.9955,0.0829,1.006
4.015000,0.1129,0.9943,0.0930,1.005
4.021000,0.1127,0.9943,0.0974,1.005
4.025000,0.1173,0.9924,0.1017,1.004
4.030000,0.1215,0.9938,0.1059,1.007
4.035000,0.1212,0.9926,0.1032,1.005
4.040000,0.1215,0.9914,0.1005,1.004
4.045000,0.1268,0.9924,0.1005,1.005
4.050000,0.1290,0.9926,0.1020,1.006
4.057000,0.1263,0.9936,0.0978,1.006
4.059000,0.1188,0.9921,0.0942,1.004
4.064000,0.1153,0.9914,0.0961,1.003
4.073000,0.1168,0.9931,0.0981,1.005
4.076000,0.1215,0.9929,0.0998,1.005
4.079000,0.1215,0.9919,0.0998,1.004
4.084000,0.1185,0.9931,0.0976,1.005
4.089000,0.1239,0.9911,0.1005,1.004
4.094000,0.1271,0.9924,0.1025,1.006
4.099000,0.1258,0.9936,0.1066,1.007
4.103000,0.1241,0.9943,0.1059,1.008
4.109000,0.1212,0.9921,0.1027,1.005
4.114000,0.1158,0.9933,0.1017,1.005
4.119000,0.1153,0.9919,0.0956,1.003
4.124000,0.1141,0.9919,0.1010,1.004
4.128000,0.1185,0.9938,0.0974,1.006
4.133000,0.1195,0.9919,0.0969,1.004
4.139000,0.1210,0.9909,0.0983,1.003
4.143000,0.1207,0.9924,0.0978,1.004
4.148000,0.1183,0.9914,0.0925,1.003
4.155000,0.1163,0.9907,0.0939,1.002
4.159000,0.1107,0.9909,0.0847,1.001
4.163000,0.1053,0.9941,0.0900,1.004
4.167000,0.1102,0.9887,0.0922,0.999
4.174000,0.1134,0.9955,0.0961,1.007
4.177000,0.1319,0.9911,0.1088,1.006
4.182000,0.1500,0.9894,0.1142,1.007
4.187000,0.1405,0.9882,0.1115,1.004
4.192000,0.1278,0.9907,0.1066,1.005
4.197000,0.1217,0.9916,0.1017,1.004
4.202000,0.1368,0.9926,0.1013,1.007
4.208000,0.1654,0.9855,0.0839,1.003
4.212000,0.1656,0.9916,0.1218,1.013
4.216000,0.1251,0.9968,0.1064,1.010
4.221000,0.1027,0.9916,0.0959,1.002
4.227000,0.0924,0.9953,0.0974,1.004
4.232000,0.0873,0.9926,0.0971,1.001
4.237000,0.0865,0.9951,0.1091,1.005
4.241000,0.0953,0.9960,0.1120,1.007
4.246000,0.1027,0.9982,0.1064,1.009
4.251000,0.1085,0.9941,0.0954,1.005
4.257000,0.1266,0.9963,0.0908,1.008
4.261000,0.1468,0.9892,0.0781,1.003
4.266000,0.1649,0.9824,0.0715,0.999
4.272000,0.1598,1.0112,0.0746,1.026
4.275000,0.1510,0.9819,0.0637,0.995
4.281000,0.1696,0.9929,0.0468,1.008
4.285000,0.1600,0.9929,0.0488,1.007
4.290000,0.1454,0.9951,0.0529,1.007
4.295000,0.1425,0.9970,0.0563,1.009
4.300000,0.1351,0.9965,0.0798,1.009
4.309000,0.1251,0.9929,0.1005,1.006
4.310000,0.1185,0.9958,0.1179,1.010
4.315000,0.1158,0.9841,0.1320,1.000
4.320000,0.0997,0.9990,0.1809,1.020
4.325000,0.0878,0.9960,0.2028,1.020
4.329000,0.1053,0.9865,0.1718,1.007
4.334000,0.1044,0.9902,0.1572,1.008
4.339000,0.0858,0.9899,0.1369,1.003
4.344000,0.0665,1.0016,0.0729,1.006
4.349000,0.0963,0.9941,0.0576,1.000
4.354000,0.1349,0.9926,0.0510,1.003
4.358000,0.1395,0.9904,0.0290,1.001
4.363000,0.1188,0.9958,0.0334,1.003
4.368000,0.1161,0.9919,0.0536,1.000
4.377000,0.1232,0.9902,0.0541,0.999
4.379000,0.1239,0.9894,0.0615,0.999
4.383000,0.1190,0.9931,0.0685,1.003
4.388000,0.1122,0.9968,0.0681,1.005
4.393000,0.1075,0.9955,0.0839,1.005
4.398000,0.1161,0.9936,0.0983,1.005
4.403000,0.1139,0.9890,0.1171,1.002
4.408000,0.1005,0.9960,0.1347,1.010
4.413000,0.0951,0.9916,0.1501,1.007
4.418000,0.1136,0.9904,0.1633,1.010
4.423000,0.1136,0.9897,0.1523,1.008
4.427000,0.1061,0.9904,0.1445,1.007
4.432000,0.1100,0.9941,0.1264,1.008
4.437000,0.1134,0.9902,0.1154,1.003
4.443000,0.1180,0.9946,0.0956,1.006
4.447000,0.1163,0.9958,0.0829,1.006
4.456000,0.1114,0.9914,0.0688,1.000
4.457000,0.1075,0.9941,0.0634,1.002
4.462000,0.1085,0.9890,0.0637,0.997
4.467000,0.1063,0.9924,0.0683,1.000
4.472000,0.1034,0.9909,0.0710,0.999
4.477000,0.0973,0.9916,0.0881,1.000
4.481000,0.0897,0.9933,0.1039,1.003
4.486000,0.0904,0.9914,0.1186,1.003
4.491000,0.0873,0.9868,0.1306,0.999
4.496000,0.0843,0.9848,0.1359,0.998
4.501000,0.0785,0.9811,0.1357,0.994
4.506000,0.0873,0.9982,0.1342,1.011
4.511000,0.0858,1.0007,0.1027,1.010
4.516000,0.0846,0.9973,0.0634,1.003
4.521000,0.0929,1.0031,0.0073,1.007
4.526000,0.1017,0.9936,-0.0279,0.999
4.530000,0.0724,0.9911,-0.0198,0.994
4.535000,0.0712,0.9882,0.0024,0.991
4.540000,0.1163,0.9992,0.0361,1.007
4.546000,0.0941,1.0102,0.1035,1.020
4.551000,0.0721,0.9943,0.1325,1.006
4.556000,0.0904,0.9943,0.1364,1.008
4.560000,0.0995,0.9809,0.1794,1.002
4.565000,0.1129,0.9865,0.1853,1.010
4.573000,0.1075,0.9631,0.2019,0.990
4.574000,0.0958,0.9853,0.2214,1.014
4.580000,0.0953,0.9741,0.1875,0.997
4.585000,0.0807,0.9797,0.1376,0.993
4.589000,0.1068,1.0002,0.0773,1.009
4.594000,0.0939,0.9919,0.0073,0.996
4.599000,0.1002,0.9916,-0.0223,0.997
4.604000,0.1005,0.9941,-0.0155,0.999
4.609000,0.0211,0.9826,0.0693,0.985
4.615000,0.0069,1.0016,0.1650,1.015
4.619000,0.0616,1.0168,0.1706,1.033
4.624000,0.1398,0.9897,0.1506,1.011
4.629000,0.1215,1.0178,0.1174,1.032
4.634000,0.0929,0.9765,0.0991,0.986
4.638000,0.0970,0.9953,0.0651,1.002
4.643000,0.0936,0.9999,0.0256,1.005
4.648000,0.1039,0.9870,0.0207,0.993
4.656000,0.1129,0.9618,0.0812,0.972
4.659000,0.0611,0.9929,0.2124,1.017
4.664000,0.0375,0.9914,0.2128,1.015
4.668000,0.0624,1.0134,0.1267,1.023
4.673000,0.1932,1.0373,0.0251,1.055
4.678000,0.2142,0.9948,0.0099,1.018
4.683000,0.1129,0.9113,-0.0115,0.918
4.688000,-0.0141,0.9633,-0.0113,0.963
4.693000,-0.0639,1.0759,0.1152,1.084
4.697000,0.1251,0.9894,0.1711,1.012
4.702000,0.0253,1.0632,0.2050,1.083
4.708000,0.0604,0.9741,0.1484,0.987
4.712000,0.2111,0.9785,0.0996,1.006
4.717000,0.2831,0.9782,0.0620,1.020
4.723000,0.1576,0.8786,0.0681,0.895
4.727000,-0.0023,1.0021,0.1850,1.019
4.732000,-0.0028,1.0761,0.2622,1.108
4.737000,0.0499,1.0285,0.1364,1.039
4.741000,0.1456,0.9741,-0.0113,0.985
4.746000,0.2120,0.9457,0.0336,0.970
4.751000,0.1908,0.8842,0.1198,0.912
4.756000,0.0624,1.0192,0.2011,1.041
4.761000,-0.1674,1.1704,0.0683,1.184
4.766000,-0.0683,0.9492,-0.0426,0.953
4.773000,0.2211,0.9492,-0.0321,0.975
4.779000,0.2770,0.9726,0.0568,1.013
4.781000,0.0983,0.9916,0.1220,1.004
4.786000,-0.0783,0.9929,0.0517,0.997
4.791000,0.0397,1.0361,-0.0062,1.037
4.796000,0.1529,1.0581,0.0041,1.069
4.800000,0.2296,0.9101,0.0959,0.943
4.806000,0.1395,0.9277,0.1481,0.950
4.811000,0.0008,0.9513,0.1713,0.967
4.815000,-0.1806,1.1811,0.2387,1.218
4.821000,0.0587,1.0180,0.1289,1.028
4.825000,0.3349,0.9037,0.2001,0.984
4.830000,0.2784,0.8849,0.3171,0.980
4.835000,0.0267,0.9789,0.4031,1.059
4.840000,-0.2582,1.2314,0.1293,1.265
4.845000,-0.0233,0.8166,-0.0836,0.821
4.850000,0.3043,0.9953,0.0441,1.042
4.855000,0.1398,1.0165,0.0502,1.027
4.860000,-0.0358,1.0998,0.1120,1.106
4.864000,0.0970,1.0605,-0.0345,1.065
4.869000,0.2755,0.8117,-0.0870,0.862
4.874000,0.2509,0.7594,-0.0548,0.802
4.879000,-0.1486,1.4807,0.0383,1.489
4.884000,-0.1359,0.9296,-0.0599,0.941
4.889000,0.0758,0.7931,-0.0130,0.797
4.895000,0.2272,1.2004,0.1474,1.231
4.899000,0.2601,0.8840,0.2851,0.965
4.904000,-0.0319,1.0830,0.2133,1.104
4.915000,-0.0319,1.0830,0.2133,1.104
4.915000,-0.0319,1.0830,0.2133,1.104
4.919000,-0.0319,1.0830,0.2133,1.104
4.926000,-0.0319,1.0830,0.2133,1.104
4.931000,-0.2006,1.0568,-0.0548,1.077
4.936000,-0.1454,0.9028,-0.0472,0.916
4.941000,0.0919,1.0747,0.2285,1.103
4.946000,0.2045,0.9496,0.0073,0.971
4.950000,0.2418,0.9172,-0.0291,0.949
4.960000,0.3002,0.9040,0.2106,0.976
4.961000,0.0079,0.9387,0.2312,0.967
4.965000,-0.2304,1.2883,0.0722,1.311
4.971000,-0.0683,0.8344,0.0983,0.843
4.975000,0.2286,0.9970,0.1359,1.032
4.980000,0.1808,1.0874,0.0314,1.103
4.985000,0.1398,0.7924,-0.0462,0.806
4.990000,0.3717,0.8903,0.1289,0.973
4.995000,0.0880,1.2094,0.2942,1.248
4.999000,-0.2250,1.1015,0.2207,1.146
5.004000,-0.1686,0.8976,0.1577,0.927
5.010000,0.0143,1.1137,0.1865,1.129
5.014000,0.2096,0.9394,-0.0279,0.963
5.020000,0.1862,0.8029,-0.0416,0.825
5.024000,0.0714,1.0986,0.0378,1.102
5.029000,0.2496,1.0642,-0.0238,1.093
5.033000,0.0243,0.8620,-0.0609,0.864
5.039000,-0.1149,0.9113,0.0666,0.921
5.043000,-0.1000,1.2903,0.1896,1.308
5.048000,0.5851,1.7725,-0.0567,1.867
5.054000,0.6657,0.9355,-0.0992,1.152
5.058000,0.2196,0.2555,-0.0133,0.337
5.063000,0.1398,0.4049,-0.0006,0.428
5.068000,0.0003,1.3562,-0.0828,1.359
5.075000,-0.1484,1.2397,-0.0621,1.250
5.077000,0.0108,0.7445,-0.0916,0.750
5.082000,0.3839,0.6063,0.8801,1.136
5.089000,0.0873,1.0808,0.1994,1.102
5.093000,-0.1777,1.6472,0.4033,1.705
5.097000,-0.0624,0.8559,0.0117,0.858
5.102000,0.0257,0.5709,0.2802,0.637
5.106000,-0.0258,1.4263,0.0256,1.427
5.112000,0.2155,0.9252,0.1853,0.968
5.117000,0.1744,0.6347,0.0483,0.660
5.122000,0.0743,1.4082,0.1572,1.419
5.127000,0.2780,0.8493,0.1892,0.913
5.131000,0.1317,0.6132,0.0844,0.633
5.137000,-0.0055,1.5061,0.3906,1.556
5.142000,0.0729,0.8107,0.1603,0.830
5.146000,-0.0138,0.6415,0.0461,0.643
5.151000,-0.0624,1.6038,0.3593,1.645
5.156000,0.1219,0.8217,0.0173,0.831
5.161000,0.1835,0.5343,-0.0496,0.567
5.166000,0.5744,1.1879,-0.0347,1.320
5.174000,0.1886,1.1894,0.1967,1.220
5.175000,-0.0851,0.5443,0.1931,0.584
5.180000,-0.1728,1.5627,0.2377,1.590
5.185000,-0.1352,1.0195,0.1838,1.045
5.190000,-0.0277,0.8549,0.0104,0.855
5.196000,0.3505,1.1137,0.1708,1.180
5.200000,0.1258,0.6935,-0.0079,0.705
5.205000,0.1244,1.1513,0.1125,1.163
5.210000,0.1591,1.0805,0.3088,1.135
5.215000,-0.0050,0.7077,0.0246,0.708
5.220000,0.1398,1.2321,0.3779,1.296
5.225000,0.0226,1.0422,0.2424,1.070
5.229000,0.0326,0.6061,-0.0545,0.609
5.235000,0.2025,1.3506,-0.0850,1.368
5.239000,0.1068,0.7990,-0.0472,0.807
5.244000,0.0707,0.8666,-0.0145,0.870
5.249000,0.0316,1.3257,0.1774,1.338
5.258000,0.0841,0.5324,-0.0174,0.539
5.259000,-0.0507,1.3325,0.1550,1.342
5.264000,0.0602,1.0827,0.0195,1.085
5.270000,0.1180,0.5614,-0.0006,0.574
5.274000,0.0983,1.3520,0.1320,1.362
5.279000,0.0824,0.9506,0.0805,0.958
5.283000,0.2277,0.9045,0.2294,0.960
5.289000,0.1583,0.9365,0.1484,0.961
5.293000,-0.0177,1.0356,0.0659,1.038
5.298000,-0.0126,1.1394,0.3205,1.184
5.303000,0.0965,0.7694,0.0656,0.778
5.307000,0.3329,0.8725,0.1176,0.941
5.313000,0.2015,1.9390,0.0214,1.950
5.317000,-0.1974,0.8725,0.3459,0.959
5.323000,-0.0619,0.4752,0.2116,0.524
5.328000,-0.0812,0.8058,0.0165,0.810
5.332000,-0.0934,1.4556,-0.1273,1.464
5.337000,0.4403,0.8456,0.3603,1.019
5.342000,0.5048,0.6442,0.0983,0.824
5.347000,0.1830,1.1665,0.3235,1.224
5.352000,0.0672,0.8398,0.1276,0.852
5.357000,-0.1896,1.4177,0.0092,1.430
5.363000,-0.0207,0.8000,0.1313,0.811
5.367000,0.3007,0.7008,0.0937,0.768
5.375000,-0.0363,1.2693,0.2436,1.293
5.379000,0.2626,0.8739,-0.0511,0.914
5.382000,0.2599,0.7531,0.0070,0.797
5.386000,0.0155,1.4116,0.0182,1.412
5.391000,0.0213,0.7157,0.0168,0.716
5.396000,-0.0111,1.0373,-0.0899,1.041
5.401000,0.2809,0.9704,-0.0819,1.014
5.406000,-0.0133,1.0602,0.0151,1.060
5.411000,0.1048,0.8175,-0.0272,0.825
5.416000,0.0145,1.2780,0.1860,1.292
5.422000,-0.0810,1.1594,0.1181,1.168
5.426000,0.0865,0.7035,0.1914,0.734
5.431000,0.0277,1.2817,0.1682,1.293
5.436000,0.3952,0.9404,0.0314,1.020
5.441000,0.2682,0.9313,0.3523,1.031
5.446000,0.0636,0.6806,0.1132,0.693
5.450000,0.1388,1.1022,0.2922,1.149
5.458000,0.0377,0.9682,0.0014,0.969
5.461000,0.1058,0.9848,0.1965,1.010
5.466000,0.0900,1.0495,0.0036,1.053
5.469000,-0.1965,1.0060,0.4175,1.107
5.476000,-0.1083,0.9604,0.1054,0.972
5.479000,0.0702,0.6806,-0.0584,0.687
5.485000,0.1749,1.4248,0.1745,1.446
5.490000,0.3290,0.5009,-0.0064,0.599
5.495000,0.0914,1.3569,0.0610,1.361
5.499000,0.1051,0.7111,-0.0035,0.719
5.504000,-0.0841,1.2170,0.1545,1.230
5.509000,0.0091,1.0981,0.0219,1.098
5.514000,0.0802,0.8979,0.0764,0.905
5.519000,0.0204,0.9257,-0.0719,0.929
5.524000,-0.0761,1.2172,0.1796,1.233
5.528000,0.0660,0.7123,0.0256,0.716
5.533000,0.4562,0.6293,0.6186,0.993
5.539000,0.1371,1.1325,0.0036,1.141
5.543000,0.3053,1.1752,0.4135,1.283
5.548000,0.0045,0.6476,0.0666,0.651
5.553000,-0.0382,1.0319,0.1977,1.051
5.558000,-0.1227,0.9064,0.0859,0.919
5.563000,-0.0580,1.2905,0.1809,1.304
5.568000,0.1156,0.7033,-0.0413,0.714
5.576000,0.2357,1.0524,0.0016,1.079
5.577000,0.1705,0.9636,-0.0360,0.979
5.587000,0.1385,1.1035,0.0204,1.112
5.587000,-0.0307,0.8652,0.0771,0.869
5.595000,-0.0026,1.1037,0.4526,1.193
5.597000,0.0057,0.9347,0.0095,0.935
5.602000,0.1393,0.9291,0.3410,0.999
5.607000,0.3363,1.0058,0.0363,1.061
5.612000,0.3041,1.0773,0.1721,1.133
5.617000,0.2343,0.7675,-0.0206,0.803
5.622000,-0.1459,1.1374,-0.0491,1.148
5.626000,-0.1906,1.0895,-0.0106,1.106
5.631000,-0.0595,0.9997,0.1162,1.008
5.636000,0.0550,0.4862,0.0427,0.491
5.641000,0.0760,1.4267,0.2778,1.456
5.646000,0.2308,1.0268,0.1853,1.069
5.651000,0.1051,0.7626,-0.0152,0.770
5.658000,0.0550,1.1594,-0.0628,1.162
5.660000,0.3849,0.6964,-0.0220,0.796
5.667000,0.0736,1.1648,0.4638,1.256
5.670000,0.2638,0.7492,0.0219,0.795
5.675000,0.0441,1.4289,0.3349,1.468
5.680000,-0.1974,1.0502,0.6531,1.252
5.685000,-0.0883,0.5812,0.0153,0.588
5.690000,-0.0634,1.2036,-0.0164,1.205
5.695000,-0.0785,0.9421,-0.0460,0.946
5.700000,0.0582,1.0866,0.1506,1.099
5.706000,0.4757,0.5551,0.0092,0.731
5.709000,0.2384,1.3144,0.0939,1.339
5.714000,0.0594,1.1381,0.0549,1.141
5.719000,0.0460,0.7177,-0.0003,0.719
5.724000,-0.0900,1.2277,0.1057,1.236
5.729000,-0.0004,1.0996,0.2080,1.119
5.734000,-0.0045,0.6977,0.1096,0.706
5.740000,-0.0482,1.2448,-0.0806,1.248
5.744000,0.0951,1.1838,0.1875,1.202
5.749000,0.3270,0.5707,0.4243,0.783
5.754000,0.2277,0.8671,0.1838,0.915
5.759000,0.1173,1.2172,0.1459,1.232
5.764000,-0.0248,1.0146,0.3191,1.064
5.769000,-0.0285,0.9880,-0.0335,0.989
5.775000,-0.0211,1.0576,-0.1016,1.063
5.778000,-0.0771,1.0476,0.1398,1.060
5.784000,-0.0639,1.3940,0.0019,1.395
5.788000,0.0309,0.5766,0.6282,0.853
5.793000,0.2892,0.6786,0.0202,0.738
5.798000,0.8078,1.2536,-0.1368,1.498
5.803000,0.2660,1.1052,-0.0929,1.141
5.808000,-0.0133,1.0937,-0.0115,1.094
5.812000,-0.2399,0.8901,0.4792,1.039
5.817000,-0.2511,1.0905,0.0851,1.122
5.823000,-0.1903,1.2082,0.0800,1.226
5.827000,-0.1222,1.2236,0.0856,1.233
5.832000,0.0152,0.5397,-0.0284,0.541
5.837000,0.2623,0.8930,-0.1129,0.938
5.842000,0.7841,1.2072,-0.1256,1.445
5.847000,0.3580,0.8703,0.2531,0.975
5.852000,0.0484,0.8969,0.0930,0.903
5.857000,-0.2736,1.2160,0.5417,1.359
5.861000,-0.3359,1.2072,0.4587,1.334
5.866000,-0.1254,0.6613,0.0219,0.673
5.871000,-0.1210,1.1118,-0.0113,1.118
5.876000,0.0755,0.9479,0.0185,0.951
5.882000,0.4481,1.1518,-0.0360,1.236
5.886000,0.1598,0.8481,0.1481,0.876
5.895000,0.0882,1.1052,0.1865,1.124
5.896000,0.2282,0.7770,0.1083,0.817
5.901000,0.1129,1.0688,0.1081,1.080
5.913000,-0.0373,1.1604,-0.0511,1.162
5.913000,-0.1327,1.0681,0.1603,1.088
5.918000,0.0360,0.7799,0.4443,0.898
5.921000,0.0887,0.9460,0.3720,1.020
5.930000,0.1122,0.8732,0.0717,0.883
5.931000,0.1959,1.0729,0.1259,1.098
5.935000,-0.0248,1.1616,0.1572,1.172
5.948000,0.0138,0.8246,0.2890,0.874
5.949000,-0.0333,0.9570,0.0383,0.958
5.950000,0.1185,0.8947,0.0207,0.903
5.954000,0.3974,1.0773,0.0182,1.148
5.960000,0.1227,0.9404,-0.0924,0.953
5.965000,0.0018,0.7819,0.0090,0.782
5.969000,0.0011,1.1235,-0.0960,1.128
5.977000,-0.0119,0.7936,0.0295,0.794
5.985000,-0.0187,1.3271,-0.0518,1.328
5.986000,0.1332,0.8976,0.2307,0.936
5.988000,0.0394,0.8044,0.0156,0.805
6.003000,0.2636,0.9289,0.0429,0.967
6.004000,0.2426,0.9516,-0.0206,0.982
6.005000,-0.0380,0.9367,0.1616,0.951
6.008000,-0.0949,0.8136,0.4297,0.925
6.013000,-0.1239,1.2424,0.2082,1.266
6.018000,-0.1193,1.0009,0.0363,1.009
6.023000,0.0426,0.9765,-0.0506,0.979
6.027000,0.3192,0.8500,0.1389,0.919
6.033000,0.1061,1.0288,0.3103,1.080
6.038000,0.0782,1.1728,0.0793,1.178
6.042000,0.2035,0.9687,0.1188,0.997
6.048000,0.1661,0.6439,0.2966,0.728
6.052000,-0.0507,1.3286,0.0351,1.330
6.058000,0.1241,0.9633,0.6296,1.158
6.063000,0.0013,0.2152,0.0873,0.232
6.067000,-0.1237,1.1254,-0.0848,1.135
6.072000,-0.1042,2.0694,0.0808,2.074
6.077000,0.2069,0.3964,0.1638,0.476
6.082000,0.0834,0.6645,0.1437,0.685
6.088000,0.0294,1.6160,-0.0123,1.616
6.105000,0.3827,0.5626,0.1782,0.703
6.106000,0.4015,0.7255,-0.0245,0.830
6.107000,0.2684,1.5051,-0.1275,1.534
6.107000,0.0135,0.7677,0.0385,0.769
6.111000,-0.0836,0.6554,-0.0240,0.661
6.116000,-0.1227,1.5967,1.1219,1.955
6.121000,-0.1103,0.4669,0.2419,0.537
6.126000,-0.1440,0.6535,0.1662,0.689
6.134000,-0.1073,1.4162,0.2390,1.440
6.135000,0.2091,1.4028,-0.0687,1.420
6.141000,0.2394,1.2802,-0.0259,1.303
6.145000,0.1603,0.5114,0.2580,0.595
6.150000,0.4547,1.1398,0.0095,1.227
6.155000,0.0978,0.8515,-0.0301,0.858
6.161000,0.0008,0.6291,0.0058,0.629
6.165000,-0.0512,1.7622,-0.0035,1.763
6.170000,0.0785,1.0158,0.0292,1.019
6.176000,0.1949,0.9655,-0.0091,0.985
6.180000,0.0953,0.9389,-0.0601,0.946
6.185000,0.0712,0.8488,0.1989,0.875
6.195000,0.3422,0.6935,0.4275,0.884
6.196000,0.0914,0.4559,-0.0313,0.466
6.199000,-0.0519,1.5835,0.0041,1.584
6.204000,-0.0622,1.4546,0.1157,1.460
6.209000,0.0289,0.6986,0.1508,0.715
6.214000,-0.0236,0.5927,-0.0306,0.594
6.219000,0.1512,0.7965,0.2114,0.838
6.225000,0.6518,0.9953,0.5798,1.323
6.228000,0.1720,0.8283,0.3374,0.911
6.234000,-0.0629,1.3891,0.3618,1.437
6.238000,-0.0573,0.7389,-0.0093,0.741
6.244000,-0.0863,0.6964,-0.0286,0.702
6.248000,-0.1571,1.1203,0.1474,1.141
6.253000,-0.0712,1.1694,0.0283,1.172
6.258000,0.1727,1.1784,-0.0611,1.193
6.264000,0.2555,0.9655,-0.0992,1.004
6.269000,0.0629,1.0236,0.0126,1.026
6.273000,-0.0155,1.0786,-0.1297,1.086
6.278000,0.0528,0.4989,-0.0574,0.505
6.287000,0.0404,0.9833,0.0063,0.984
6.288000,-0.0104,1.1755,-0.1319,1.183
6.303000,0.0567,0.8117,-0.0062,0.814
6.304000,0.2250,1.0676,0.1037,1.096
6.304000,0.2487,1.3806,0.1682,1.413
6.314000,0.1622,1.6804,0.5366,1.771
6.315000,0.2089,0.3241,0.2514,0.460
6.318000,-0.1022,0.6024,0.1440,0.628
6.322000,-0.3295,1.8101,0.4536,1.895
6.330000,-0.0048,0.8268,0.2981,0.879
6.332000,0.1075,0.8332,0.1923,0.862
6.337000,-0.0216,1.3762,-0.0264,1.377
6.345000,0.2255,0.6708,0.1791,0.730
6.346000,0.4914,0.5624,0.0107,0.747
6.351000,0.4254,1.1416,-0.0528,1.219
6.356000,0.0741,1.0297,0.0190,1.033
6.361000,-0.1193,0.7431,0.2063,0.780
6.366000,-0.1459,0.6798,0.1516,0.712
6.371000,-0.1984,0.9460,0.1223,0.974
6.378000,-0.1278,1.0217,0.0043,1.030
6.389000,-0.0268,1.0837,-0.0350,1.085
6.390000,-0.0221,1.1892,-0.0374,1.190
6.390000,0.1319,1.1220,-0.0164,1.130
6.406000,0.3302,0.9858,0.0622,1.041
6.407000,0.1644,0.6117,-0.0223,0.634
6.407000,0.1905,1.0456,0.2790,1.099
6.410000,0.1295,1.3799,0.2526,1.409
6.415000,0.0299,0.4696,0.1494,0.494
6.419000,-0.1137,2.1956,-0.0824,2.200
6.425000,0.1471,0.6845,0.4883,0.854
6.429000,-0.0236,0.2743,0.0466,0.279
6.434000,-0.1444,1.6179,0.0419,1.625
6.439000,0.0880,1.0888,0.0825,1.095
6.444000,0.0753,0.6298,0.0053,0.634
6.449000,-0.0976,0.7426,0.0036,0.749
6.454000,0.1683,0.9667,-0.0992,0.986
6.459000,0.6716,1.0974,-0.0867,1.289
6.464000,0.1244,0.6996,0.0002,0.711
6.469000,0.0682,0.7973,0.0427,0.801
6.473000,-0.0561,1.7239,0.2385,1.741
6.479000,-0.1496,1.1323,0.0969,1.146
6.484000,-0.0607,0.7782,-0.0279,0.781
6.488000,-0.0529,1.5972,-0.0902,1.601
6.506000,-0.1071,1.2209,0.0060,1.226
6.507000,0.0492,1.1474,-0.1051,1.153
6.507000,0.1840,1.2065,-0.0286,1.221
6.507000,0.2579,0.9719,-0.0726,1.008
6.513000,0.1554,1.4346,0.1286,1.449
6.518000,-0.0106,0.9455,0.4756,1.058
6.523000,0.0057,0.8974,0.3042,0.948
6.527000,0.0697,1.6519,0.3535,1.691
6.532000,0.1048,0.5043,0.2536,0.574
6.537000,0.0062,0.7235,0.0659,0.727
6.544000,0.2091,1.5815,-0.1392,1.601
6.547000,-0.0583,0.9413,0.3376,1.002
6.552000,-0.1947,0.9714,0.2207,1.015
6.557000,0.0216,0.7118,0.0727,0.716
6.561000,0.5011,0.6684,-0.0377,0.836
6.566000,0.2648,1.0830,-0.0242,1.115
6.572000,0.1266,0.8813,0.0312,0.891
6.582000,-0.0229,0.9489,-0.0616,0.951
6.583000,-0.1171,0.8000,0.2575,0.849
6.586000,0.0314,0.6342,-0.0247,0.635
6.593000,0.3012,0.8691,-0.0794,0.923
6.595000,-0.0204,1.1626,-0.0526,1.164
6.601000,-0.1012,1.0151,0.2050,1.041
6.606000,-0.0238,0.8471,0.1188,0.856
6.610000,0.0685,1.0371,-0.0137,1.039
6.616000,0.0199,1.9117,0.2033,1.923
6.620000,0.2377,0.7067,0.4211,0.856
6.625000,0.3676,0.4640,-0.0250,0.592
6.630000,0.2565,1.2522,1.0686,1.666
6.635000,0.0675,0.8940,0.1369,0.907
6.640000,-0.0883,1.4841,-0.1715,1.497
6.648000,0.0187,0.8332,-0.1014,0.840
6.651000,-0.0426,0.7565,-0.0018,0.758
6.655000,-0.1637,1.0270,0.1027,1.045
6.660000,0.0328,0.8446,-0.0592,0.847
6.665000,0.4750,1.2998,-0.0701,1.386
6.670000,0.1974,0.8454,0.0446,0.869
6.677000,0.1088,0.6562,0.1992,0.694
6.679000,-0.0900,0.7414,0.1391,0.760
6.683000,-0.0287,0.7926,-0.0633,0.796
6.689000,0.3026,0.9543,-0.0765,1.004
6.698000,-0.0233,1.2133,0.0290,1.214
6.699000,-0.3112,1.0412,0.0663,1.089
6.704000,-0.2609,1.5469,-0.0176,1.569
6.714000,-0.1662,0.8686,-0.0001,0.884
6.715000,-0.0854,0.5482,0.2890,0.626
6.718000,-0.0749,0.5243,0.0434,0.531
6.723000,0.2775,1.8804,-0.1817,1.909
6.729000,0.5927,0.9086,0.5007,1.195
6.733000,0.1490,0.1432,0.0578,0.215
6.738000,0.6879,1.0312,0.3325,1.283
6.743000,0.5771,1.2072,0.3205,1.376
6.748000,-0.1269,1.0602,0.1057,1.073
6.752000,-0.1100,0.7099,0.0588,0.721
6.764000,-0.0543,0.6203,-0.0819,0.628
6.765000,-0.1845,1.8877,-0.0653,1.898
6.768000,-0.1405,1.1110,-0.1222,1.127
6.772000,0.0162,0.9880,0.0058,0.988
6.778000,0.2523,0.2389,-0.0023,0.347
6.781000,1.0310,1.1250,-0.1170,1.530
6.787000,0.6926,1.3000,0.1130,1.477
6.800000,0.0174,0.8305,0.7554,1.123
6.800000,-0.2167,1.3349,0.1220,1.358
6.801000,-0.2028,0.8398,0.3916,0.949
6.806000,-0.1911,1.1425,0.0224,1.159
6.813000,-0.2590,1.0214,0.0117,1.054
6.816000,-0.3723,1.4651,0.2854,1.538
6.821000,-0.0585,0.5529,0.3340,0.649
6.826000,-0.1332,1.0368,0.0219,1.046
6.831000,-0.3061,1.4385,0.0341,1.471
6.836000,-0.1674,1.0009,0.2168,1.038
6.841000,-0.1127,0.9553,0.1310,0.971
6.846000,0.2294,0.7116,-0.1588,0.764
6.851000,1.2568,1.3239,0.0407,1.826
6.856000,0.5304,1.1391,-0.1817,1.270
6.860000,0.5209,0.7157,-0.1429,0.897
6.866000,0.1676,0.4965,0.0429,0.526
6.870000,0.1945,0.9465,0.2224,0.991
6.878000,0.0531,1.8880,0.2631,1.907
6.889000,-0.2082,1.0778,0.2558,1.127
6.890000,-0.1740,0.6640,0.0983,0.693
6.891000,-0.2643,1.4018,0.0466,1.427
6.912000,-0.2846,1.3332,0.0214,1.363
6.913000,-0.1068,0.5690,0.1125,0.590
6.913000,-0.1796,1.4060,0.2258,1.435
6.914000,-0.0568,1.0209,0.0739,1.025
6.914000,0.2345,1.1037,0.0908,1.132
6.919000,0.1964,0.7987,0.0187,0.823
6.924000,0.1600,0.7047,0.3469,0.802
6.928000,0.3854,1.2485,0.0954,1.310
6.933000,0.4569,1.0539,-0.1375,1.157
6.939000,0.3182,0.5736,-0.0548,0.658
6.946000,0.2274,1.5166,-0.0848,1.536
6.949000,-0.0241,0.8903,-0.0328,0.891
6.954000,-0.0258,0.2645,-0.0267,0.267
6.962000,-0.1088,1.2639,-0.0452,1.269
6.964000,-0.5114,2.0352,0.3696,2.131
6.968000,-0.1056,0.5480,0.0217,0.558
6.973000,-0.0177,0.2252,-0.0211,0.227
6.985000,0.1940,1.5142,-0.1239,1.532
6.986000,0.2377,1.5215,0.4175,1.596
6.987000,0.2059,0.7362,0.0112,0.765
6.993000,0.1022,0.2250,0.7861,0.824
6.997000,0.2330,0.9382,-0.0020,0.967
7.002000,0.1031,1.3371,0.5740,1.459
7.007000,0.0399,1.0830,0.4968,1.192
7.012000,-0.0241,0.5827,-0.0780,0.588
7.017000,0.0636,1.3340,-0.1124,1.340
7.022000,0.1053,0.6952,0.0138,0.703
7.027000,-0.0539,1.3384,-0.1212,1.345
7.032000,0.0455,1.0497,-0.1031,1.056
7.037000,0.1927,0.7555,-0.0130,0.780
7.042000,0.2467,0.6330,0.0283,0.680
7.046000,-0.0302,1.4748,-0.0787,1.477
7.051000,-0.0517,0.9118,-0.0592,0.915
7.056000,0.0052,0.3202,0.0214,0.321
7.062000,0.0172,1.1914,0.1220,1.198
7.066000,0.0367,0.9435,0.2312,0.972
7.071000,0.1017,0.9594,0.6650,1.172
7.080000,0.0306,0.2782,0.0319,0.282
7.080000,0.1446,1.9422,-0.0487,1.948
7.086000,-0.1325,1.5227,0.5124,1.612
7.090000,-0.0548,0.6227,0.0273,0.626
7.120000,0.1317,0.6667,-0.1143,0.689
7.121000,0.5026,1.2924,-0.1297,1.393
7.121000,0.2391,1.1088,0.0217,1.135
7.122000,0.0409,0.7148,0.0517,0.718
7.122000,0.0567,0.4867,-0.0120,0.490
7.122000,0.0484,1.3064,0.1408,1.315
7.124000,-0.1662,0.9968,0.1950,1.029
7.129000,-0.1256,1.1171,0.1547,1.135
7.135000,0.1979,1.9534,-0.0880,1.965
7.140000,0.0409,0.2440,0.1332,0.281
7.145000,0.0370,0.2511,-0.0655,0.262
7.150000,0.1674,1.7800,0.9319,2.016
7.154000,0.1085,0.6061,0.0766,0.620
7.165000,0.1508,0.7331,0.0143,0.749
7.166000,0.0270,1.2700,-0.2079,1.287
7.180000,-0.0548,0.9924,-0.0806,0.997
7.181000,0.0773,0.5621,-0.0428,0.569
7.181000,0.1801,1.0947,-0.0101,1.109
7.204000,0.1461,1.2678,0.4209,1.344
7.205000,0.0470,0.2213,0.0795,0.240
7.205000,0.1757,0.7265,-0.0775,0.751
7.205000,0.2301,1.9102,-0.1275,1.928
7.206000,-0.0138,0.8986,0.2036,0.921
7.209000,0.0045,0.2430,0.0322,0.245
7.214000,-0.3415,1.5876,0.7600,1.793
7.218000,-0.0492,1.6292,-0.0543,1.631
7.223000,0.5243,0.4052,0.0576,0.665
7.228000,0.0792,0.3395,0.4758,0.590
7.233000,0.1976,1.2927,0.0429,1.308
7.237000,0.3309,1.3066,0.7449,1.540
7.242000,-0.0585,0.7621,0.0917,0.770
7.247000,-0.1086,0.7570,-0.0845,0.769
7.252000,0.0853,0.8837,-0.0833,0.892
7.257000,0.1405,2.0389,-0.0638,2.045
7.263000,-0.0036,0.8879,-0.0638,0.890
7.267000,0.0165,0.3253,-0.0181,0.326
7.272000,0.1293,0.4261,-0.0013,0.445
7.279000,0.3402,1.9241,-0.1378,1.959
7.284000,0.0406,0.8884,-0.0819,0.893
7.286000,-0.0075,0.1141,0.0632,0.131
7.291000,0.0912,2.2557,0.0280,2.258
7.296000,-0.1379,1.5593,0.7815,1.750
7.322000,-0.0043,0.2301,0.2251,0.322
7.322000,0.1178,0.8359,0.1721,0.861
7.323000,0.2560,2.1236,0.3999,2.176
7.323000,-0.0465,1.0424,0.4148,1.123
7.324000,0.0118,0.4073,-0.0865,0.417
7.325000,0.2421,1.1193,-0.0863,1.148
7.330000,0.5175,1.9505,-0.0941,2.020
7.335000,0.0524,0.6376,-0.0772,0.644
7.340000,0.0013,0.1444,-0.0050,0.144
7.345000,0.1041,1.3913,0.1218,1.401
7.350000,-0.0438,1.5354,-0.0662,1.537
7.355000,-0.0414,0.3619,-0.0052,0.364
7.362000,-0.0707,0.4359,0.0117,0.442
7.364000,-0.0702,1.7578,0.2277,1.774
7.369000,0.0843,1.5210,0.6851,1.670
7.374000,0.0458,0.1429,0.1520,0.214
7.391000,0.2699,0.6833,-0.0726,0.738
7.392000,0.0751,2.3118,1.1255,2.572
7.393000,0.4787,0.8781,0.9243,1.362
7.393000,0.1073,0.0746,0.0810,0.154
7.403000,0.0057,0.0067,0.0075,0.012
7.403000,0.1844,2.4041,-0.5223,2.467
7.408000,0.0448,2.0091,-0.0628,2.011
7.414000,0.0648,0.3727,-0.0145,0.379
7.419000,-0.0382,1.0466,0.0971,1.052
7.423000,-0.1342,1.6458,-0.2428,1.669
7.429000,0.0460,1.0317,-0.0736,1.035
7.434000,0.0648,0.6286,0.0908,0.638
7.439000,0.0304,2.0748,-0.1937,2.084
7.443000,0.0201,0.4423,-0.0018,0.443
7.448000,-0.0028,0.7128,-0.0714,0.716
7.453000,0.1486,0.7660,-0.1307,0.791
7.457000,0.6154,1.0668,-0.0723,1.234
7.463000,0.2465,1.0764,-0.0023,1.104
7.468000,0.1000,0.5416,0.1562,0.573
7.472000,-0.1171,1.4368,0.0912,1.444
7.480000,-0.1186,0.9738,-0.1185,0.988
7.483000,0.0582,0.3321,0.0688,0.344
7.488000,0.0094,1.6194,0.1174,1.624
7.492000,-0.1127,1.2749,0.3252,1.321
7.510000,0.0348,0.5287,0.0427,0.532
7.511000,0.1801,0.6493,0.2636,0.724
7.511000,0.2198,2.5223,0.0515,2.532
7.512000,0.5353,0.6142,0.6228,1.025
7.516000,0.0658,0.1930,0.0534,0.211
7.521000,1.1728,6.5669,0.3354,6.679
7.527000,0.4198,0.2442,0.4372,0.654
7.531000,0.7294,-0.7627,0.0759,1.058
7.536000,0.0238,-0.0453,-0.0064,0.052
7.541000,-0.0048,-0.0114,0.0119,0.017
7.545000,-0.5737,-0.0248,-0.1351,0.590
7.551000,-0.0495,0.0013,0.0009,0.049
7.556000,-1.2586,1.5393,0.0400,1.989
7.562000,-0.5727,2.6161,0.1801,2.684
7.566000,-0.0844,0.5673,0.2463,0.624
7.571000,-0.0524,0.2799,0.0309,0.286
7.576000,1.0493,2.0982,0.5539,2.410
7.582000,-0.2765,1.2280,2.5861,2.876
7.587000,-0.0255,0.2127,0.1359,0.254
7.590000,0.0130,-0.0160,0.0363,0.042
7.612000,0.1146,0.4938,-0.0518,0.510
7.613000,0.6821,1.1919,-0.0750,1.375
7.613000,1.2759,1.2490,-0.1034,1.788
7.614000,0.9426,0.9411,-0.2208,1.350
7.614000,0.0743,0.1248,0.0063,0.145
7.619000,0.2994,0.5502,-0.0032,0.626
7.625000,1.4592,1.9920,0.0798,2.471
7.630000,0.3280,0.4003,-0.0325,0.519
7.634000,0.0213,0.0186,0.0024,0.028
7.639000,0.4669,0.6315,-0.0357,0.786
7.644000,-0.0731,4.4754,-0.1305,4.478
7.649000,-0.0348,0.4415,0.0092,0.443
7.654000,-0.0060,0.0101,0.0092,0.015
7.659000,-0.5222,0.0545,-0.1551,0.547
7.663000,-1.1336,1.9646,-0.1580,2.274
7.668000,-0.7724,2.3634,-0.0867,2.488
7.674000,-0.2345,1.1521,0.0295,1.176
7.681000,-0.0583,0.4369,-0.0079,0.441
7.683000,-0.1549,0.9982,0.0202,1.010
7.688000,-0.1486,1.0451,-0.0990,1.060
7.711000,-0.1418,1.4621,-0.0176,1.469
7.712000,0.3097,0.7741,0.0119,0.834
7.712000,0.8144,1.3508,-0.1353,1.583
7.712000,0.4472,0.6264,-0.0259,0.770
7.713000,0.4860,0.7480,-0.2940,0.939
7.717000,0.4511,0.8681,-0.1783,0.994
7.723000,0.1202,0.8300,-0.3807,0.921
7.728000,0.0902,1.1193,-0.0064,1.123
7.732000,0.1761,1.1213,-0.0125,1.135
7.737000,-0.1115,0.9504,-0.2337,0.985
7.742000,-0.1444,0.8691,-0.0916,0.886
7.748000,-0.1447,0.9169,-0.0636,0.930
7.752000,-0.0246,0.2154,-0.0096,0.217
7.757000,-0.3305,1.5801,-0.2135,1.628
7.765000,-0.0219,1.0432,-0.0687,1.046
7.767000,0.1832,0.5424,-0.3004,0.647
7.771000,0.4110,1.5825,-0.0491,1.636
7.776000,0.3893,1.1948,-0.0758,1.259
7.792000,0.1537,0.5050,0.0102,0.528
7.793000,0.2924,0.8066,0.0429,0.859
7.793000,0.3290,1.2954,-0.0308,1.337
7.796000,0.1490,0.6481,0.0329,0.666
7.800000,-0.1984,1.5623,-0.0125,1.575
7.805000,-0.2353,1.2617,-0.0555,1.285
7.811000,-0.1073,0.5995,-0.0662,0.613
7.815000,-0.0414,0.2154,0.0016,0.219
7.820000,-0.0844,1.7058,-0.1048,1.711
7.825000,-0.0272,1.5395,-0.0941,1.543
7.830000,0.1322,0.7470,-0.0311,0.759
7.835000,0.2023,0.8671,0.0222,0.891
7.840000,0.1959,1.0248,0.0385,1.044
7.845000,0.1412,0.7216,-0.0120,0.735
7.849000,0.1244,0.5048,-0.0477,0.522
7.854000,0.3559,1.2255,0.0077,1.276
7.859000,0.3668,1.1911,0.0768,1.249
7.865000,0.4586,1.6707,0.1152,1.736
7.869000,0.2220,0.8952,-0.0733,0.925
7.874000,0.0133,0.0433,-0.0091,0.046
7.881000,0.0069,0.0042,-0.0196,0.021
7.886000,0.0038,0.0057,-0.0106,0.013
7.888000,0.1088,1.6160,-0.0675,1.621
7.907000,0.1129,1.0693,-0.0513,1.076
7.908000,0.0724,0.5282,0.0307,0.534
7.908000,-0.1877,2.0088,-0.0155,2.018
7.908000,-0.2118,1.0944,-0.1676,1.127
7.913000,-0.1879,0.9929,-0.0228,1.011
7.918000,-0.3290,1.2382,-0.0540,1.282
7.924000,-0.0534,0.3959,0.0141,0.400
7.928000,-0.1017,0.7907,0.0070,0.797
7.933000,-0.0683,0.7428,-0.0487,0.748
7.938000,0.1434,1.3769,-0.1143,1.389
7.942000,0.3605,1.4394,-0.0045,1.484
7.947000,0.1642,0.4843,0.0253,0.512
7.952000,0.3747,0.5368,0.0114,0.655
7.957000,0.4679,1.0380,0.0107,1.139
7.966000,0.3712,1.2873,0.0138,1.340
7.967000,0.2489,1.0495,-0.0484,1.080
7.971000,0.0470,0.2010,-0.0426,0.211
7.977000,-0.1508,1.0578,-0.1153,1.075
7.981000,-0.1798,1.0617,-0.0084,1.077
8.009000,-0.2770,1.0888,0.0016,1.124
8.010000,-0.1613,0.6488,0.0224,0.669
8.011000,-0.1291,0.9992,0.2099,1.029
8.011000,0.0441,0.8930,0.0808,0.898
8.011000,-0.0402,1.3349,0.0314,1.336
8.011000,0.1346,1.0573,0.2658,1.099
8.015000,0.4264,0.3111,0.0578,0.531
8.021000,1.3276,1.7639,0.3598,2.237
8.026000,0.8659,1.8064,0.3659,2.036
8.031000,0.0279,0.2887,0.3423,0.449
8.036000,0.0179,1.6751,0.4216,1.727
8.040000,-0.1278,0.6374,0.1057,0.659
8.046000,-0.4641,1.6030,0.4580,1.731
8.050000,-0.4812,1.5652,0.7844,1.816
8.055000,-0.0272,0.1490,0.1152,0.190
8.067000,-0.0155,0.3380,0.2304,0.409
8.069000,-0.1313,1.4863,0.3525,1.533
8.098000,0.1371,1.8653,0.2312,1.885
8.099000,0.2206,0.9057,0.0344,0.933
8.100000,0.4579,1.5337,-0.1375,1.606
8.100000,0.2701,0.3910,0.0248,0.476
8.100000,0.2208,0.6571,0.0400,0.694
8.101000,0.3571,1.3137,0.0471,1.362
8.101000,0.1564,0.9897,0.0742,1.005
8.104000,0.0194,0.3966,0.0617,0.402
8.109000,-0.1882,1.2627,0.0243,1.277
8.115000,-0.0531,0.3981,-0.0228,0.402
8.119000,-0.0819,0.7235,-0.0885,0.734
8.124000,-0.1413,1.5110,-0.0909,1.520
8.128000,-0.0680,1.2507,0.0273,1.253
8.134000,0.5094,1.6668,-0.1866,1.753
8.138000,0.2626,0.0746,-0.0394,0.276
8.143000,0.2709,-0.2336,-0.0018,0.358
8.149000,0.0226,0.0003,0.0036,0.023
8.152000,0.1708,2.3306,0.1157,2.340
8.158000,0.2653,1.8152,-0.0152,1.835
8.163000,-0.0009,0.1224,0.1603,0.202
8.168000,-0.0568,0.3114,0.0317,0.318
8.173000,-0.1872,0.8239,0.2766,0.889
8.181000,-0.2582,1.3340,-0.0555,1.360
8.183000,-0.4338,1.6282,-0.0235,1.685
8.187000,-0.0526,0.7685,0.5915,0.971
8.192000,-0.0028,0.0367,0.0378,0.053
8.207000,-0.0009,0.0055,-0.0147,0.016
8.208000,0.5053,1.7144,-0.1295,1.792
8.208000,1.7586,0.8754,0.7783,2.113
8.214000,0.5097,0.6713,0.3796,0.924
8.217000,0.1830,0.7030,-0.1693,0.746
8.222000,-0.1266,2.1817,0.0258,2.186
8.226000,-0.3798,1.4067,-0.0533,1.458
8.231000,-0.6723,2.1485,-0.0135,2.251
8.236000,-0.2175,0.0355,0.7207,0.754
8.241000,-0.4475,1.2624,0.1877,1.352
8.247000,-0.2292,1.7017,0.3154,1.746
8.251000,0.2618,1.0056,0.1411,1.049
8.256000,0.4257,1.6628,0.3589,1.754
8.264000,0.7751,1.0202,0.1965,1.296
8.266000,0.4127,0.3832,0.3278,0.652
8.271000,0.0191,0.0164,0.0336,0.042
8.275000,0.4955,1.9178,0.5300,2.050
8.284000,-0.0815,2.7345,0.0270,2.736
8.285000,-0.1154,0.7985,-0.0159,0.807
8.290000,-0.1032,0.2811,0.1767,0.348
8.296000,-0.3881,1.8867,0.0234,1.926
8.300000,-0.2321,1.4773,-0.0521,1.496
8.304000,-0.0270,0.5187,-0.0125,0.520
8.309000,-0.0824,0.7624,-0.1082,0.774
8.314000,0.1202,1.5034,-0.0150,1.508
8.319000,0.5927,1.0168,-0.0848,1.180
8.324000,0.5190,0.9609,-0.0181,1.092
8.329000,0.5290,0.9836,-0.2201,1.138
8.334000,0.1698,0.8295,0.0148,0.847
8.339000,-0.0072,1.3669,-0.0565,1.368
8.344000,-0.2436,1.4892,0.0483,1.510
8.349000,-0.0729,0.4230,-0.0015,0.429
8.354000,-0.1396,0.9628,-0.0987,0.978
8.360000,-0.2504,1.7488,-0.0687,1.768
8.365000,-0.0182,0.3683,-0.0123,0.369
8.368000,-0.0082,0.7834,-0.0472,0.785
8.373000,0.4579,1.8487,-0.0208,1.905
8.392000,0.4845,0.8144,-0.0655,0.950
8.393000,0.1796,0.3436,0.0243,0.388
8.393000,0.3947,0.8136,-0.1473,0.916
8.393000,0.1127,1.3633,0.2587,1.392
8.398000,-0.0575,0.8945,0.1406,0.907
8.403000,-0.3276,0.7509,1.1810,1.437
8.408000,-0.2541,1.2446,0.0983,1.274
8.414000,0.0018,0.3063,0.2309,0.384
8.417000,0.0167,1.0820,0.1774,1.097
8.423000,0.0939,0.9035,-0.0784,0.912
8.427000,0.4916,1.0268,-0.0748,1.141
8.432000,0.3651,0.9650,0.2771,1.068
8.437000,0.3627,1.2522,0.4428,1.377
8.443000,0.0865,0.2374,0.0549,0.259
8.450000,-0.1200,1.3513,0.5723,1.472
8.452000,-0.0375,0.6928,0.0214,0.694
8.457000,-0.1576,1.2038,-0.0150,1.214
8.462000,-0.1313,0.7907,0.2961,0.854
8.467000,0.0553,0.6200,-0.0394,0.624
8.473000,0.2550,1.3503,-0.0633,1.376
8.477000,0.1412,0.9726,-0.0406,0.984
8.483000,1.1147,3.3644,0.0207,3.544
8.486000,0.2428,0.3126,-0.0113,0.396
8.491000,0.0467,0.0846,0.0143,0.098
8.510000,0.1561,0.4826,0.0566,0.510
8.511000,0.2846,2.2816,0.5400,2.362
8.511000,-0.0285,1.6953,0.1147,1.699
8.512000,-0.1632,0.6674,0.0388,0.688
8.521000,-0.1364,0.4459,0.2365,0.523
8.521000,-0.1923,1.0275,-0.0406,1.046
8.525000,-0.6601,2.6102,-0.0242,2.692
8.533000,-0.2067,0.6471,0.0107,0.679
8.537000,-0.0753,0.2030,-0.0401,0.220
8.540000,-0.0216,0.1258,-0.0306,0.131
8.545000,0.3534,1.3327,-0.1361,1.385
8.550000,2.4713,1.3413,-0.0516,2.812
8.555000,0.8811,0.9150,-0.0345,1.271
8.560000,0.3209,0.2103,0.0727,0.391
8.565000,0.2650,1.1792,0.1042,1.213
8.569000,0.1837,1.5276,0.0417,1.539
8.574000,-0.1291,0.9135,0.2087,0.946
8.589000,-0.1894,0.7826,0.0292,0.806
8.589000,-0.3210,0.9955,0.4971,1.158
8.590000,-0.2612,0.8117,-0.0391,0.854
8.594000,-0.1996,1.0322,-0.0035,1.051
8.599000,-0.1823,1.2683,0.0986,1.285
8.604000,0.1893,1.6602,0.4167,1.722
8.609000,0.2025,0.7758,0.1684,0.819
8.614000,0.3097,1.0121,0.4216,1.139
8.618000,0.2799,0.9238,-0.0001,0.965
8.622000,0.1405,0.7819,0.0517,0.796
8.628000,0.2963,1.0944,0.3608,1.190
8.633000,0.2804,0.8222,0.0532,0.870
8.637000,0.2264,1.2671,0.0141,1.287
8.643000,0.1439,0.8129,-0.2381,0.859
8.648000,0.0961,0.7423,-0.0660,0.751
8.653000,0.1110,0.8317,0.0163,0.839
8.658000,0.0233,1.0517,0.2397,1.079
8.667000,0.0702,1.5801,0.0996,1.585
8.667000,-0.0282,0.8227,0.1948,0.846
8.673000,-0.0536,0.4569,0.0397,0.462
8.677000,-0.3102,1.5762,0.1562,1.614
8.700000,-0.0487,0.8678,0.0444,0.870
8.701000,0.0702,0.5043,0.0148,0.509
8.701000,0.3085,1.5019,-0.0484,1.534
8.701000,0.3124,1.0495,-0.1527,1.106
8.701000,0.2050,0.6186,0.0236,0.652
8.706000,0.2474,1.1740,-0.0264,1.200
8.711000,0.2787,1.0524,0.3491,1.143
8.718000,0.5036,1.3115,-0.0108,1.405
8.721000,0.2094,0.8073,0.5571,1.003
8.726000,0.0873,0.4994,0.0329,0.508
8.736000,-0.0756,1.2448,0.5083,1.347
8.737000,-0.1044,0.8393,0.0397,0.847
8.740000,0.0357,1.1052,-0.1331,1.114
8.756000,-0.2568,1.1877,0.4077,1.282
8.756000,-0.1039,0.8029,-0.0382,0.810
8.757000,0.1403,1.0253,-0.0860,1.038
8.760000,0.1190,0.7714,-0.0355,0.781
8.766000,0.2098,0.8542,-0.0528,0.881
8.770000,0.3720,1.1489,0.3493,1.257
8.775000,0.1749,1.2558,0.3774,1.323
8.784000,0.0267,0.3229,0.0222,0.325
8.785000,-0.1159,1.4377,0.0832,1.445
8.790000,-0.0917,1.3457,0.1779,1.360
8.794000,0.0406,0.7646,0.0385,0.767
8.814000,-0.0695,1.2053,0.0790,1.210
8.815000,0.0384,0.6134,0.0529,0.617
8.815000,0.2579,1.1965,-0.0259,1.224
8.815000,0.1952,0.5634,-0.0352,0.597
8.819000,0.9892,0.8639,0.0270,1.314
8.824000,0.4887,1.0029,0.3154,1.159
8.830000,0.1612,0.7079,0.3664,0.813
8.834000,0.1254,0.7983,-0.0040,0.808
8.839000,-0.1425,1.5818,0.2678,1.611
8.844000,-0.1188,0.5941,0.4709,0.767
8.848000,2.4991,1.8076,0.3169,3.101
8.853000,4.0276,2.5467,-0.6696,4.812
8.858000,2.5348,0.6471,-0.2955,2.633
8.863000,1.6082,0.1732,0.0021,1.617
8.868000,1.3828,0.2362,0.0297,1.403
8.873000,1.8733,-0.1437,0.0610,1.880
8.878000,1.3181,0.0846,-0.0015,1.321
8.884000,1.4558,0.2731,0.0148,1.481
8.888000,1.6717,0.9125,0.8955,2.105
8.895000,1.6912,1.2588,0.5476,2.178
8.925000,1.6463,1.4072,0.4065,2.204
8.926000,1.1301,1.1210,0.9197,1.838
8.927000,0.9050,0.8136,0.0558,1.218
8.927000,0.4992,0.3297,-0.0352,0.599
8.927000,0.3554,3.9934,0.0417,4.009
8.928000,-0.6696,1.9922,-0.0294,2.102
8.928000,-0.0876,0.0726,0.0046,0.114
8.936000,-1.3672,1.8147,-0.2064,2.281
8.937000,-0.4011,1.5803,-0.1148,1.634
8.941000,-0.3105,0.9255,-0.1038,0.982
8.948000,-0.0478,0.6344,0.0073,0.636
8.952000,0.6764,1.0732,-0.0887,1.272
8.956000,1.5459,1.6526,0.0458,2.263
8.960000,1.0317,0.9709,-0.0755,1.419
8.967000,0.8393,0.5956,-0.1283,1.037
8.971000,0.8808,0.5150,-0.2110,1.042
8.976000,1.0356,0.8295,-0.2743,1.355
8.987000,0.8308,1.2138,-0.3932,1.523
8.987000,0.3026,0.8547,-0.2323,0.936
8.990000,0.2145,0.8207,-0.1063,0.855
8.995000,0.4982,1.1765,-0.4081,1.341
9.002000,0.3783,0.8971,-0.1358,0.983
9.005000,0.1864,0.9011,-0.0570,0.922
9.010000,0.1234,0.9360,-0.1746,0.960
9.029000,0.3698,1.1577,-0.4259,1.288
9.030000,0.4777,1.0436,-0.9098,1.465
9.030000,0.5219,0.9440,-0.4982,1.188
9.030000,0.4125,0.8862,-0.2418,1.007
9.035000,0.3739,0.9306,-0.2418,1.032
9.040000,0.2853,0.9946,-0.2686,1.069
9.044000,0.4804,1.0124,-0.3456,1.173
9.051000,0.5524,0.9435,-0.4186,1.171
9.054000,0.5922,0.9235,-0.3888,1.164
9.059000,0.5290,0.9257,-0.3258,1.115
9.064000,0.4008,0.9721,-0.2660,1.085
9.069000,0.3588,0.9545,-0.2926,1.061
9.074000,0.3495,0.9362,-0.3580,1.062
9.079000,0.2211,0.9899,-0.3827,1.084
9.084000,0.1410,0.9719,-0.3526,1.043
9.088000,0.0699,0.9733,-0.2601,1.010
9.093000,0.0878,0.9521,-0.2345,0.984
9.098000,0.1268,0.9289,-0.2110,0.961
9.123000,0.1468,0.9162,-0.1910,0.947
9.123000,0.1566,0.8981,-0.2381,0.942
9.124000,0.0223,1.1142,-0.1930,1.131
9.124000,-0.2121,1.0441,-0.2462,1.094
9.124000,-0.2541,0.9819,-0.1864,1.031
9.127000,-0.0797,1.0070,-0.1668,1.024
9.134000,-0.0077,1.0063,-0.1021,1.011
9.137000,-0.0153,0.9638,-0.0592,0.966
9.143000,0.0250,0.9687,-0.0391,0.970
9.152000,0.1073,1.0031,-0.0926,1.013
9.153000,0.1537,1.0029,-0.0887,1.018
9.157000,0.1334,0.9990,-0.0623,1.010
9.162000,0.1200,0.9726,-0.0426,0.981
9.167000,0.1312,1.0060,-0.0404,1.015
9.172000,0.1537,0.9909,-0.0540,1.004
9.177000,0.1832,1.0163,-0.0548,1.034
9.184000,0.1786,0.9880,-0.1058,1.010
9.186000,0.1317,0.9948,-0.0826,1.007
9.191000,0.1410,0.9953,-0.0677,1.008
9.211000,0.1732,0.9977,-0.0831,1.016
9.212000,0.1879,1.0080,-0.1224,1.033
9.212000,0.1693,0.9953,-0.0992,1.014
9.212000,0.1505,0.9914,-0.0640,1.005
9.216000,0.1554,0.9892,-0.0636,1.003
9.221000,0.1527,0.9982,-0.0777,1.013
9.227000,0.1559,0.9963,-0.0772,1.011
9.230000,0.1437,0.9960,-0.0719,1.009
9.236000,0.1327,0.9963,-0.0684,1.007
9.240000,0.1268,0.9965,-0.0692,1.007
9.245000,0.1371,0.9990,-0.0684,1.011
9.250000,0.1500,0.9955,-0.0609,1.009
9.256000,0.1417,0.9963,-0.0548,1.008
9.260000,0.1339,0.9951,-0.0570,1.006
9.271000,0.1319,1.0002,-0.0574,1.010
9.272000,0.1288,0.9995,-0.0511,1.009
9.274000,0.1224,0.9968,-0.0448,1.005
9.279000,0.1083,0.9931,-0.0489,1.000
9.284000,0.0970,0.9985,-0.0545,1.005
9.294000,0.0922,0.9965,-0.0628,1.003
9.298000,0.0987,0.9999,-0.0667,1.007
9.299000,0.1139,0.9999,-0.0672,1.009
9.319000,0.1224,0.9936,-0.0631,1.003
9.319000,0.1361,0.9933,-0.0616,1.005
9.320000,0.1486,0.9965,-0.0670,1.010
9.321000,0.1659,0.9999,-0.0675,1.016
9.323000,0.1735,0.9977,-0.0631,1.015
9.329000,0.1803,0.9911,-0.0606,1.009
9.333000,0.1717,0.9907,-0.0689,1.008
9.338000,0.1449,0.9948,-0.0762,1.008
9.343000,0.1153,0.9965,-0.0894,1.007
9.348000,0.0973,0.9982,-0.0958,1.008
9.353000,0.1000,0.9982,-0.1026,1.008
9.358000,0.0987,0.9850,-0.1131,0.996
9.363000,0.1149,0.9868,-0.1251,1.001
9.367000,0.1190,0.9872,-0.1392,1.004
9.375000,0.1276,0.9850,-0.1468,1.004
9.377000,0.1341,0.9887,-0.1493,1.009
9.392000,0.1354,0.9868,-0.1534,1.008
9.393000,0.1425,0.9831,-0.1541,1.005
9.393000,0.1400,0.9882,-0.1534,1.010
9.397000,0.1344,0.9899,-0.1585,1.012
9.402000,0.1224,0.9887,-0.1546,1.008
9.407000,0.1205,0.9863,-0.1475,1.004
9.412000,0.1063,0.9863,-0.1439,1.002
9.417000,0.1080,0.9892,-0.1422,1.005
9.422000,0.1012,0.9870,-0.1353,1.001
9.427000,0.0978,0.9870,-0.1295,1.000
9.432000,0.0917,0.9938,-0.1187,1.005
9.435000,0.0936,0.9919,-0.1073,1.002
9.441000,0.1110,0.9916,-0.1012,1.003
9.445000,0.1329,0.9958,-0.0943,1.009
9.450000,0.1508,0.9965,-0.0882,1.012
9.455000,0.1612,0.9997,-0.0904,1.017
9.461000,0.1725,0.9990,-0.0836,1.017
9.466000,0.1625,0.9963,-0.0836,1.013
9.470000,0.1517,0.9919,-0.0665,1.006
9.475000,0.1144,0.9782,-0.0374,0.986
9.480000,0.0734,1.0046,-0.0679,1.010
9.485000,0.0580,1.0085,-0.0684,1.012
9.492000,0.0643,0.9904,-0.0494,0.994
9.494000,0.0694,0.9897,-0.0384,0.993
9.514000,0.0780,0.9987,-0.0516,1.003
9.515000,0.0951,0.9995,-0.0594,1.006
9.515000,0.1153,1.0002,-0.0506,1.008
9.516000,0.1310,0.9960,-0.0377,1.005
9.519000,0.1383,0.9980,-0.0355,1.008
9.524000,0.1388,1.0012,-0.0401,1.012
9.529000,0.1373,1.0014,-0.0362,1.011
9.533000,0.1415,0.9982,-0.0289,1.009
9.539000,0.1337,0.9995,-0.0291,1.009
9.544000,0.1256,1.0012,-0.0362,1.010
9.549000,0.1241,1.0002,-0.0355,1.008
9.553000,0.1327,0.9995,-0.0347,1.009
9.558000,0.1405,0.9977,-0.0318,1.008
9.563000,0.1481,1.0007,-0.0367,1.012
9.568000,0.1508,0.9992,-0.0394,1.011
9.573000,0.1529,0.9975,-0.0401,1.010
9.578000,0.1446,0.9975,-0.0489,1.009
9.586000,0.1263,0.9990,-0.0604,1.009
9.588000,0.1166,0.9990,-0.0660,1.008
9.592000,0.1117,0.9958,-0.0684,1.004
9.599000,0.1041,0.9953,-0.0745,1.004
9.624000,0.1005,0.9931,-0.0855,1.002
9.625000,0.1044,0.9948,-0.0982,1.005
9.626000,0.1124,0.9894,-0.1090,1.002
9.626000,0.1236,0.9931,-0.1124,1.007
9.626000,0.1356,0.9892,-0.1192,1.006
9.627000,0.1288,0.9865,-0.1243,1.003
9.636000,0.1285,0.9924,-0.1331,1.009
9.637000,0.1334,0.9938,-0.1358,1.012
9.642000,0.1456,0.9894,-0.1314,1.009
9.647000,0.1464,0.9911,-0.1253,1.010
9.652000,0.1454,0.9931,-0.1173,1.011
9.656000,0.1412,0.9931,-0.1107,1.009
9.662000,0.1356,0.9960,-0.0975,1.010
9.668000,0.1283,0.9943,-0.0894,1.007
9.671000,0.1151,0.9885,-0.0784,0.998
9.676000,-0.0131,0.8886,-0.3387,0.951
9.682000,0.1310,1.0915,-0.1075,1.105
9.686000,0.2357,0.9509,-0.0565,0.981
9.690000,0.2098,0.9694,-0.0694,0.994
9.695000,0.1034,1.0082,-0.1427,1.024
9.712000,0.0951,1.0070,-0.1656,1.025
9.713000,0.1144,0.9826,-0.1217,0.997
9.713000,0.0575,0.9479,-0.1751,0.966
9.731000,0.0851,1.0280,-0.1414,1.041
9.732000,0.1844,0.9902,-0.1077,1.013
9.732000,0.1942,0.9702,-0.1021,0.995
9.732000,0.1271,1.0043,-0.1226,1.020
9.734000,0.0865,0.9929,-0.1380,1.006
9.740000,0.0257,0.9521,-0.2301,0.980
9.745000,0.0484,0.9892,-0.1773,1.006
9.750000,0.1600,0.9975,-0.0880,1.014
9.754000,0.2291,0.9806,-0.0335,1.008
9.760000,0.1678,0.9758,-0.0753,0.993
9.771000,0.0880,1.0134,-0.0950,1.022
9.771000,0.0453,1.0075,-0.0811,1.012
9.774000,0.0287,0.9692,-0.0780,0.973
9.779000,0.0304,0.9897,-0.0819,0.994
9.788000,0.0958,1.0329,-0.0328,1.038
9.791000,0.1415,0.9899,-0.0291,1.000
9.793000,0.1332,0.9743,-0.0477,0.985
9.798000,0.1381,1.0102,-0.0604,1.021
9.804000,0.1315,1.0080,-0.0643,1.019
9.808000,0.1427,0.9965,-0.0565,1.008
9.837000,0.1505,0.9902,-0.0516,1.003
9.838000,0.1390,0.9941,-0.0675,1.006
9.838000,0.1266,1.0009,-0.0882,1.013
9.839000,0.1202,0.9980,-0.0936,1.010
9.839000,0.1256,0.9907,-0.0972,1.003
9.839000,0.1368,0.9911,-0.1060,1.006
9.842000,0.1449,0.9902,-0.1126,1.007
9.847000,0.1464,0.9914,-0.1178,1.009
9.852000,0.1403,0.9902,-0.1185,1.007
9.857000,0.1302,0.9897,-0.1195,1.005
9.862000,0.1193,0.9885,-0.1222,1.003
9.868000,0.1102,0.9890,-0.1261,1.003
9.875000,0.1041,0.9865,-0.1236,1.000
9.876000,0.1036,0.9916,-0.1219,1.004
9.893000,0.1046,0.9907,-0.1217,1.004
9.894000,0.1141,0.9921,-0.1207,1.006
9.894000,0.1273,0.9902,-0.1200,1.006
9.897000,0.1390,0.9887,-0.1146,1.005
9.904000,0.1417,0.9897,-0.1134,1.006
9.906000,0.1434,0.9921,-0.1107,1.009
9.911000,0.1410,0.9941,-0.1055,1.010
9.916000,0.1388,0.9941,-0.0916,1.008
9.920000,0.1373,0.9943,-0.0789,1.007
9.926000,0.1354,0.9970,-0.0623,1.008
9.930000,0.1319,0.9985,-0.0455,1.008
9.935000,0.1290,1.0021,-0.0360,1.011
9.940000,0.1236,1.0014,-0.0179,1.009
9.946000,0.1146,0.9982,-0.0084,1.005
9.951000,0.1044,1.0009,-0.0030,1.006
9.955000,0.0956,1.0087,-0.0069,1.013
9.960000,0.0841,1.0048,-0.0079,1.008
9.965000,0.0775,0.9982,-0.0079,1.001
9.971000,0.0814,0.9995,-0.0074,1.003
9.975000,0.0924,0.9955,-0.0040,1.000
9.980000,0.1029,0.9909,-0.0037,0.996
9.987000,0.1100,0.9877,-0.0032,0.994
9.990000,0.1119,0.9853,-0.0025,0.992
9.994000,0.1305,0.9794,-0.1727,1.003
10.026000,0.0990,1.0693,-0.1881,1.090
10.027000,0.0987,0.9980,-0.1400,1.013
10.027000,0.1202,0.9521,-0.1407,0.970
10.028000,0.1578,0.9868,-0.2188,1.023
10.028000,0.1793,0.9860,-0.2374,1.030
10.029000,0.1866,0.9714,-0.2164,1.013
10.029000,0.1849,0.9870,-0.1805,1.020
10.033000,0.1691,0.9904,-0.1270,1.013
10.038000,0.1573,0.9875,-0.0784,1.003
10.045000,0.1615,0.9907,-0.0523,1.005
10.048000,0.1608,0.9916,-0.0330,1.005
10.053000,0.1490,0.9914,-0.0299,1.003
10.058000,0.1271,0.9931,-0.0074,1.001
10.063000,0.1027,0.9965,-0.0086,1.002
10.069000,0.0873,1.0007,-0.0225,1.005
10.072000,0.0865,1.0078,-0.0435,1.012
10.078000,0.1097,1.0034,-0.0616,1.011
10.098000,0.1190,0.9963,-0.0609,1.005
10.099000,0.1153,0.9926,-0.0594,1.001
10.099000,0.1124,0.9926,-0.0706,1.001
10.099000,0.1046,0.9955,-0.0782,1.004
10.102000,0.0995,0.9960,-0.0782,1.004
10.107000,0.1029,0.9982,-0.0650,1.006
10.112000,0.1029,1.0007,-0.0594,1.008
10.117000,0.1088,1.0004,-0.0382,1.007
10.121000,0.1310,0.9968,-0.0316,1.006
10.126000,0.1359,0.9980,-0.0296,1.008
10.131000,0.1356,0.9975,-0.0189,1.007
10.136000,0.1322,0.9999,-0.0218,1.009
10.142000,0.1315,1.0012,-0.0216,1.010
10.146000,0.1319,1.0092,-0.0135,1.018
10.152000,0.1290,0.9973,-0.0130,1.006
10.156000,0.1266,1.0070,-0.0201,1.015
10.160000,0.1354,0.9977,-0.0152,1.007
10.167000,0.1522,0.9843,0.0019,0.996
10.171000,0.1627,1.0009,0.0026,1.014
10.175000,0.1591,0.9894,0.0029,1.002
10.180000,0.1522,0.9980,0.0060,1.010
10.187000,0.1432,0.9997,0.0107,1.010
10.190000,0.1378,0.9985,0.0190,1.008
10.195000,0.1400,0.9985,0.0243,1.009
10.199000,0.1422,0.9995,0.0190,1.010
10.223000,0.1512,0.9965,0.0048,1.008
10.224000,0.1466,0.9953,-0.0206,1.006
10.224000,0.1346,0.9965,-0.0291,1.006
10.225000,0.1190,0.9997,-0.0360,1.007
10.225000,0.1110,0.9997,-0.0411,1.007
10.229000,0.1070,0.9985,-0.0404,1.005
10.236000,0.1068,0.9960,-0.0372,1.002
10.241000,0.1058,0.9965,-0.0347,1.003
10.244000,0.1080,0.9958,-0.0340,1.002
10.250000,0.1066,0.9968,-0.0277,1.003
10.254000,0.1070,0.9953,-0.0196,1.001
10.259000,0.1092,0.9916,-0.0150,0.998
10.264000,0.1171,0.9936,-0.0135,1.001
10.269000,0.1219,0.9919,-0.0120,0.999
10.274000,0.1276,0.9926,-0.0096,1.001
10.279000,0.1344,0.9948,-0.0035,1.004
10.288000,0.1339,0.9970,0.0065,1.006
10.288000,0.1354,0.9980,0.0090,1.007
10.293000,0.1288,0.9970,0.0107,1.005
10.298000,0.1197,0.9968,0.0077,1.004
10.324000,0.0875,1.0024,0.0500,1.007
10.325000,0.0746,1.0016,0.0761,1.007
10.325000,0.0858,1.0009,0.0832,1.008
10.326000,0.1009,0.9985,0.0815,1.007
10.326000,0.1056,0.9968,0.0810,1.006
10.327000,0.1041,0.9965,0.0712,1.004
10.332000,0.1014,0.9980,0.0500,1.004
10.336000,0.0958,1.0043,0.0226,1.009
10.342000,0.0887,1.0048,-0.0020,1.009
10.347000,0.0973,1.0082,-0.0071,1.013
10.352000,0.1168,1.0051,-0.0069,1.012
10.356000,0.1261,1.0016,-0.0057,1.010
10.362000,0.1478,0.9965,-0.0067,1.007
10.367000,0.1622,0.9909,-0.0030,1.004
10.372000,0.1735,0.9880,0.0012,1.003
10.377000,0.1844,0.9846,0.0029,1.002
10.382000,0.1945,0.9760,0.0138,0.995
10.391000,0.1815,0.9770,0.0412,0.995
10.392000,0.1837,0.9987,0.0434,1.016
10.402000,0.1693,0.9758,0.0424,0.991
10.403000,0.1630,0.9975,0.0297,1.011
10.405000,0.1451,0.9980,0.0268,1.009
10.430000,0.1373,0.9975,0.0287,1.007
10.431000,0.1315,0.9938,0.0300,1.003
10.432000,0.1363,0.9916,0.0263,1.001
10.432000,0.1415,0.9916,0.0287,1.002
10.432000,0.1459,0.9863,0.0348,0.998
10.435000,0.1554,0.9882,0.0373,1.001
10.440000,0.1625,0.9882,0.0395,1.002
10.445000,0.1688,0.9916,0.0373,1.007
10.449000,0.1771,0.9921,0.0314,1.008
10.454000,0.1776,0.9931,0.0246,1.009
10.460000,0.1586,1.0095,0.0368,1.023
10.464000,0.1302,0.9782,-0.0189,0.987
10.469000,0.1334,1.0327,-0.0701,1.044
10.474000,0.1088,0.9999,-0.0560,1.007
10.479000,0.0672,1.0178,-0.0377,1.021
10.488000,0.0524,1.0107,-0.0106,1.012
10.489000,0.0682,1.0090,0.0156,1.011
10.494000,0.1007,1.0021,0.0317,1.008
10.498000,0.1205,1.0063,0.0419,1.014
10.524000,0.1285,0.9997,0.0422,1.009
10.525000,0.1405,0.9992,0.0297,1.009
10.525000,0.1405,1.0021,0.0307,1.012
10.525000,0.1434,0.9992,0.0207,1.010
10.526000,0.1449,1.0004,0.0207,1.011
10.528000,0.1410,1.0004,0.0073,1.010
10.533000,0.1324,0.9997,0.0043,1.008
10.538000,0.1236,1.0038,-0.0050,1.011
10.543000,0.1168,1.0046,-0.0057,1.011
10.548000,0.2448,0.9470,0.0134,0.978
10.554000,0.2946,0.9411,0.0585,0.988
10.558000,0.2020,0.9946,0.0375,1.016
10.563000,0.1073,1.0090,0.0153,1.015
10.571000,0.0770,1.0114,0.0200,1.015
10.573000,0.0961,0.9953,0.0261,1.000
10.577000,0.1217,0.9872,0.0334,0.995
10.582000,0.1295,0.9890,0.0021,0.997
10.586000,0.1051,1.0009,-0.0111,1.006
10.591000,0.1156,0.9936,-0.0018,1.000
10.597000,0.1410,0.9843,0.0214,0.995
10.629000,0.1171,0.9980,0.0256,1.005
10.630000,0.1202,1.0038,0.0058,1.011
10.630000,0.1227,0.9980,0.0241,1.006
10.630000,0.1354,0.9911,0.0373,1.001
10.631000,0.1420,0.9916,0.0302,1.002
10.631000,0.1403,0.9924,0.0439,1.003
10.631000,0.1439,0.9936,0.0534,1.005
10.637000,0.1385,0.9953,0.0419,1.006
10.641000,0.1349,1.0016,0.0488,1.012
10.645000,0.1532,0.9885,0.0441,1.001
10.651000,0.1515,0.9963,0.0346,1.008
10.655000,0.1422,0.9924,0.0234,1.003
10.660000,0.1361,0.9995,0.0112,1.009
10.666000,0.1151,0.9997,0.0002,1.006
10.671000,0.0853,1.0004,-0.0091,1.004
10.675000,0.0929,0.9965,-0.0098,1.001
10.681000,0.1051,0.9975,-0.0135,1.003
10.688000,0.1085,0.9987,-0.0108,1.005
10.690000,0.1156,0.9963,-0.0130,1.003
10.694000,0.1234,0.9968,-0.0098,1.004
10.699000,0.1271,0.9929,-0.0023,1.001
10.720000,0.1215,0.9968,0.0082,1.004
10.720000,0.1261,0.9965,0.0192,1.005
10.720000,0.1359,0.9929,0.0297,1.003
10.721000,0.1598,0.9955,0.0327,1.009
10.723000,0.1591,0.9858,0.0397,0.999
10.729000,0.1451,0.9965,0.0280,1.007
10.735000,0.1398,0.9980,0.0143,1.008
10.738000,0.1515,0.9965,0.0114,1.008
10.744000,0.1551,0.9924,0.0136,1.005
10.748000,0.1649,0.9941,0.0107,1.008
10.753000,0.1605,0.9938,0.0138,1.007
10.758000,0.1683,0.9963,0.0107,1.010
10.763000,0.1642,0.9973,0.0126,1.011
10.768000,0.1573,0.9955,0.0082,1.008
10.773000,0.1637,0.9982,0.0060,1.012
10.778000,0.1547,0.9894,0.0148,1.002
10.783000,0.1373,0.9882,0.0195,0.998
10.789000,0.1376,0.9941,0.0134,1.004
10.792000,0.1280,0.9960,0.0041,1.004
10.797000,0.1410,1.0016,0.0053,1.012
10.828000,0.1561,0.9890,0.0175,1.001
10.828000,0.1232,1.0207,0.0344,1.029
10.829000,0.1315,0.9907,0.0268,1.000
10.829000,0.1512,0.9880,0.0458,1.001
10.829000,0.1547,0.9926,0.0554,1.006
10.829000,0.1486,0.9909,0.0549,1.003
10.832000,0.1322,0.9929,0.0473,1.003
10.837000,0.1339,0.9929,0.0317,1.002
10.842000,0.1249,1.0012,0.0195,1.009
10.847000,0.1295,0.9951,0.0219,1.004
10.851000,0.1334,0.9921,0.0258,1.001
10.857000,0.1400,0.9975,0.0229,1.008
10.861000,0.1456,0.9946,0.0263,1.006
10.865000,0.1503,0.9985,0.0414,1.011
10.871000,0.1464,0.9885,0.0551,1.001
10.876000,0.1283,0.9943,0.0519,1.004
10.881000,0.1127,0.9995,0.0373,1.006
10.888000,0.1149,0.9995,0.0246,1.006
10.891000,0.1630,0.9982,0.0290,1.012
10.895000,0.1815,0.9963,0.0585,1.014
10.900000,0.1522,0.9894,0.1179,1.008
10.917000,0.1180,1.0068,0.1330,1.022
10.918000,0.0719,0.9850,0.1435,0.998
10.919000,0.0868,0.9892,0.0341,0.994
10.920000,0.0878,0.9970,0.0305,1.001
10.924000,0.0909,0.9846,0.0283,0.989
10.929000,0.0375,1.0031,0.0649,1.006
10.935000,0.0282,0.9975,0.0764,1.001
10.939000,0.0531,0.9958,0.0573,0.999
10.945000,0.0553,0.9877,0.0434,0.990
10.949000,0.0528,0.9931,0.0527,0.996
10.954000,0.0404,0.9960,0.0651,0.999
10.959000,0.0541,0.9963,0.0727,1.000
10.964000,0.0470,0.9936,0.0620,0.997
10.969000,0.0543,0.9931,0.0534,0.996
10.974000,0.0445,0.9951,0.0507,0.997
10.979000,0.0780,1.0170,0.0705,1.022
10.983000,0.1210,0.9977,0.0781,1.008
10.989000,0.1461,0.9955,0.0825,1.010
10.993000,0.1547,0.9882,0.0710,1.003
10.997000,0.1459,0.9916,0.0605,1.004
11.019000,0.1398,0.9916,0.0549,1.003
11.020000,0.1373,0.9929,0.0554,1.004
11.020000,0.1373,0.9941,0.0541,1.005
11.020000,0.1307,0.9982,0.0500,1.008
11.022000,0.1254,0.9973,0.0483,1.006
11.027000,0.1239,0.9963,0.0375,1.005
11.032000,0.0985,1.0053,0.0500,1.011
11.038000,0.1112,0.9887,-0.1383,1.005
11.042000,0.0990,1.0058,-0.0596,1.012
11.047000,0.1163,0.9955,-0.0194,1.003
11.053000,0.1346,0.9924,0.0654,1.004
11.057000,0.1498,0.9902,0.0974,1.006
11.062000,0.1517,0.9941,0.0798,1.009
11.067000,0.1490,0.9970,0.0431,1.009
11.071000,0.1476,0.9975,0.0200,1.009
11.076000,0.1549,0.9951,0.0200,1.007
11.082000,0.1564,0.9946,0.0268,1.007
11.090000,0.1495,0.9955,0.0368,1.007
11.093000,0.1432,0.9960,0.0429,1.007
11.096000,0.1349,0.9977,0.0380,1.008
11.101000,0.1256,0.9987,0.0380,1.007
11.126000,0.1195,0.9963,0.0461,1.004
11.127000,0.1232,0.9943,0.0573,1.004
11.129000,0.1217,0.9926,0.0649,1.002
11.129000,0.1258,0.9907,0.0641,1.001
11.130000,0.1215,0.9936,0.0561,1.003
11.130000,0.1171,0.9948,0.0436,1.003
11.135000,0.1144,0.9973,0.0373,1.004
11.146000,0.1173,0.9970,0.0361,1.005
11.147000,0.1239,0.9951,0.0373,1.003
11.149000,0.1278,0.9943,0.0344,1.003
11.165000,0.1271,0.9919,0.0322,1.001
11.166000,0.1271,0.9960,0.0339,1.005
11.167000,0.1317,0.9970,0.0368,1.006
11.171000,0.1407,0.9951,0.0378,1.006
11.174000,0.1505,0.9943,0.0334,1.006
11.186000,0.1617,0.9948,0.0400,1.009
11.186000,0.1634,0.9946,0.0422,1.009
11.189000,0.1556,0.9955,0.0424,1.009
11.194000,0.1490,0.9938,0.0444,1.006
11.199000,0.1376,0.9965,0.0412,1.007
11.209000,0.1319,0.9941,0.0417,1.004
11.210000,0.1256,0.9909,0.0385,1.000
11.214000,0.1254,0.9936,0.0378,1.002
11.219000,0.1266,0.9958,0.0397,1.005
11.224000,0.1337,0.9933,0.0412,1.003
11.228000,0.1446,0.9960,0.0431,1.007
11.233000,0.1551,0.9941,0.0493,1.007
11.254000,0.1654,0.9951,0.0527,1.010
11.255000,0.1735,0.9968,0.0507,1.013
11.255000,0.1805,0.9946,0.0461,1.012
11.255000,0.1857,0.9953,0.0419,1.013
11.257000,0.1786,0.9931,0.0380,1.010
11.262000,0.1654,0.9948,0.0436,1.009
11.267000,0.1495,0.9938,0.0473,1.006
11.272000,0.1376,0.9948,0.0505,1.006
11.277000,0.1349,0.9960,0.0473,1.006
11.282000,0.1351,0.9973,0.0444,1.007
11.289000,0.1363,0.9973,0.0368,1.007
11.296000,0.1388,0.9948,0.0356,1.005
11.296000,0.1422,0.9955,0.0351,1.006
11.303000,0.1390,0.9941,0.0370,1.004
11.314000,0.1351,0.9973,0.0373,1.007
11.315000,0.1256,0.9953,0.0400,1.004
11.316000,0.1153,0.9955,0.0468,1.003
11.321000,0.1063,0.9933,0.0417,1.000
11.326000,0.1005,0.9946,0.0239,1.000
11.331000,0.0995,0.9953,0.0048,1.000
11.338000,0.1009,0.9960,0.0175,1.001
11.340000,0.1053,0.9953,0.0270,1.001
11.346000,0.1195,0.9970,0.0292,1.005
11.350000,0.1295,0.9965,0.0280,1.005
11.356000,0.1415,0.9963,0.0270,1.007
11.360000,0.1461,0.9946,0.0214,1.005
11.365000,0.1515,0.9960,0.0236,1.008
11.375000,0.1490,0.9965,0.0309,1.008
11.376000,0.1425,0.9963,0.0353,1.007
11.380000,0.1388,0.9946,0.0392,1.005
11.384000,0.1405,0.9943,0.0366,1.005
11.422000,0.1405,0.9936,0.0322,1.004
11.423000,0.1427,0.9955,0.0305,1.006
11.423000,0.1420,0.9982,0.0356,1.009
11.423000,0.1363,0.9958,0.0380,1.006
11.423000,0.1356,0.9970,0.0363,1.007
11.424000,0.1315,0.9951,0.0375,1.004
11.424000,0.1268,0.9960,0.0339,1.005
11.424000,0.1217,0.9943,0.0361,1.002
11.429000,0.1166,0.9958,0.0356,1.003
11.434000,0.1107,0.9960,0.0419,1.003
11.440000,0.1056,0.9943,0.0478,1.001
11.444000,0.1063,0.9963,0.0495,1.003
11.449000,0.1110,0.9970,0.0478,1.004
11.454000,0.1193,0.9953,0.0473,1.004
11.459000,0.1310,0.9973,0.0434,1.007
11.463000,0.1412,0.9955,0.0439,1.006
11.469000,0.1476,0.9938,0.0449,1.006
11.474000,0.1505,0.9963,0.0446,1.009
11.478000,0.1512,0.9951,0.0431,1.007
11.482000,0.1534,0.9963,0.0441,1.009
11.503000,0.1534,0.9941,0.0507,1.007
11.504000,0.1522,0.9921,0.0554,1.005
11.504000,0.1468,0.9973,0.0568,1.010
11.505000,0.1337,0.9951,0.0502,1.005
11.507000,0.1276,0.9953,0.0502,1.005
11.512000,0.1212,0.9958,0.0527,1.005
11.517000,0.1173,0.9933,0.0536,1.002
11.522000,0.1197,0.9955,0.0502,1.004
11.527000,0.1205,0.9970,0.0427,1.005
11.532000,0.1224,0.9958,0.0422,1.004
11.537000,0.1254,0.9965,0.0414,1.005
11.542000,0.1310,0.9955,0.0422,1.005
11.546000,0.1351,0.9931,0.0407,1.003
11.551000,0.1417,0.9946,0.0378,1.005
11.557000,0.1385,0.9936,0.0375,1.004
11.561000,0.1403,0.9953,0.0383,1.006
11.566000,0.1417,0.9941,0.0375,1.005
11.573000,0.1432,0.9958,0.0451,1.007
11.576000,0.1417,0.9958,0.0517,1.007
11.580000,0.1376,0.9955,0.0512,1.006
11.608000,0.1344,0.9960,0.0449,1.006
11.609000,0.1344,0.9963,0.0449,1.006
11.609000,0.1334,0.9958,0.0417,1.006
11.610000,0.1268,0.9946,0.0424,1.004
11.610000,0.1227,0.9933,0.0419,1.002
11.610000,0.1210,0.9941,0.0475,1.003
11.616000,0.1222,0.9958,0.0519,1.005
11.621000,0.1232,0.9948,0.0493,1.004
11.625000,0.1334,0.9973,0.0444,1.007
11.630000,0.1390,0.9936,0.0434,1.004
11.635000,0.1420,0.9946,0.0436,1.006
11.640000,0.1468,0.9941,0.0505,1.006
11.645000,0.1449,0.9953,0.0590,1.008
11.650000,0.1407,0.9955,0.0595,1.007
11.654000,0.1349,0.9958,0.0576,1.007
11.659000,0.1278,0.9946,0.0573,1.004
11.664000,0.1254,0.9970,0.0571,1.006
11.669000,0.1256,0.9968,0.0527,1.006
11.674000,0.1288,0.9948,0.0507,1.004
11.679000,0.1319,0.9931,0.0468,1.003
11.684000,0.1324,0.9965,0.0507,1.007
11.690000,0.1334,0.9933,0.0497,1.003
11.693000,0.1307,0.9963,0.0458,1.006
11.698000,0.1293,0.9933,0.0483,1.003
11.720000,0.1390,0.9904,0.0471,1.001
11.721000,0.1437,0.9919,0.0493,1.003
11.721000,0.1483,0.9909,0.0483,1.003
11.722000,0.1476,0.9929,0.0485,1.005
11.723000,0.1451,0.9955,0.0549,1.008
11.728000,0.1422,0.9965,0.0580,1.008
11.733000,0.1359,0.9958,0.0620,1.007
11.738000,0.1332,0.9968,0.0598,1.007
11.743000,0.1283,0.9953,0.0598,1.005
11.747000,0.1271,0.9916,0.0610,1.002
11.752000,0.1285,0.9911,0.0644,1.002
11.757000,0.1249,0.9960,0.0593,1.006
11.762000,0.1236,0.9960,0.0576,1.005
11.767000,0.1207,0.9977,0.0500,1.006
11.772000,0.1246,0.9960,0.0463,1.005
11.777000,0.1276,0.9973,0.0461,1.006
11.782000,0.1285,0.9946,0.0485,1.004
11.790000,0.1317,0.9948,0.0512,1.005
11.792000,0.1307,0.9958,0.0502,1.006
11.796000,0.1324,0.9931,0.0458,1.003
11.801000,0.1466,0.9907,0.0446,1.002
11.825000,0.1637,0.9892,0.0527,1.004
11.826000,0.1698,0.9858,0.0590,1.002
11.826000,0.1715,0.9899,0.0639,1.007
11.827000,0.1634,0.9919,0.0629,1.007
11.827000,0.1498,0.9963,0.0600,1.009
11.830000,0.1354,0.9965,0.0624,1.008
11.835000,0.1268,0.9980,0.0632,1.008
11.841000,0.1224,0.9965,0.0620,1.006
11.845000,0.1173,0.9977,0.0576,1.006
11.850000,0.1117,0.9980,0.0512,1.006
11.855000,0.1122,0.9955,0.0480,1.003
11.860000,0.1173,0.9941,0.0453,1.002
11.865000,0.1256,0.9931,0.0461,1.002
11.871000,0.1319,0.9914,0.0478,1.001
11.880000,0.1376,0.9938,0.0495,1.005
11.880000,0.1412,0.9953,0.0512,1.007
11.885000,0.1439,0.9936,0.0529,1.005
11.891000,0.1420,0.9941,0.0558,1.006
11.895000,0.1403,0.9936,0.0546,1.005
11.899000,0.1378,0.9938,0.0546,1.005
11.927000,0.1385,0.9955,0.0524,1.007
11.928000,0.1400,0.9941,0.0485,1.005
11.929000,0.1422,0.9943,0.0444,1.005
11.929000,0.1427,0.9943,0.0458,1.006
11.929000,0.1429,0.9929,0.0517,1.004
11.929000,0.1446,0.9946,0.0561,1.007
11.934000,0.1483,0.9946,0.0598,1.007
11.938000,0.1544,0.9929,0.0641,1.007
11.943000,0.1571,0.9931,0.0617,1.007
11.948000,0.1576,0.9938,0.0563,1.008
11.953000,0.1508,0.9963,0.0517,1.009
11.958000,0.1388,0.9965,0.0495,1.007
11.964000,0.1258,0.9941,0.0471,1.003
11.968000,0.1229,0.9926,0.0507,1.001
11.975000,0.1151,0.9904,0.0532,0.998
11.983000,0.1114,0.9904,0.0588,0.998
11.983000,0.1119,0.9919,0.0656,1.000
12.011000,0.1202,0.9936,0.0654,1.003
12.012000,0.1398,0.9926,0.0637,1.004
12.012000,0.1515,0.9980,0.0202,1.010
12.012000,0.1359,0.9948,-0.0247,1.004
12.013000,0.1429,0.9987,-0.0230,1.009
12.013000,0.1503,0.9946,0.0053,1.006
12.016000,0.1644,0.9894,0.0495,1.004
12.021000,0.1608,0.9897,0.0737,1.005
12.029000,0.1410,0.9955,0.0681,1.008
12.031000,0.1271,0.9933,0.0539,1.003
12.038000,0.1276,0.9929,0.0397,1.002
12.040000,0.1285,0.9875,0.0495,0.997
12.046000,0.1215,0.9933,0.0566,1.002
12.050000,0.1158,0.9960,0.0546,1.004
12.056000,0.1202,0.9960,0.0593,1.005
12.060000,0.1239,0.9951,0.0620,1.005
12.065000,0.1278,0.9997,0.1047,1.013
12.074000,0.1132,0.9990,0.0766,1.008
12.075000,0.1078,0.9953,0.0671,1.003
12.083000,0.1031,0.9933,0.0829,1.002
12.084000,0.0841,0.9948,0.0986,1.003
12.105000,0.0716,0.9924,0.1000,1.000
12.105000,0.0831,0.9882,0.0881,0.996
12.106000,0.0961,0.9894,0.0810,0.997
12.106000,0.1009,0.9970,0.0908,1.006
12.110000,0.1080,0.9977,0.0893,1.008
12.114000,0.1136,0.9951,0.0956,1.006
12.119000,0.1090,0.9890,0.0615,0.997
12.124000,0.0797,1.0351,0.0827,1.041
12.129000,0.0897,0.9726,0.0549,0.978
12.134000,0.1759,0.9809,0.0019,0.997
12.142000,0.1849,0.9719,-0.0504,0.991
12.145000,0.1398,0.9975,-0.0235,1.008
12.148000,0.1439,0.9992,0.0519,1.011
12.155000,0.1830,0.9973,0.1616,1.027
